,author,created_utc,title,url,created,d_,created_utc_dt
0,Jbake863,1614332612,I learnd,https://i.redd.it/ypmjuwt5msj61.png,1614332612.0,"{'author': 'Jbake863', 'created_utc': 1614332612, 'title': 'I learnd', 'url': 'https://i.redd.it/ypmjuwt5msj61.png', 'created': 1614332612.0}",2021-02-26 09:43:32
1,[deleted],1614332602,Confirmed: John Russell is a time traveller,https://i.redd.it/w7j7its4msj61.jpg,1614332602.0,"{'author': '[deleted]', 'created_utc': 1614332602, 'title': 'Confirmed: John Russell is a time traveller', 'url': 'https://i.redd.it/w7j7its4msj61.jpg', 'created': 1614332602.0}",2021-02-26 09:43:22
2,Kenmoreknows,1614332599,Vaxart on the move again! $VXRT,https://www.reddit.com/r/wallstreetbets/comments/lsube8/vaxart_on_the_move_again_vxrt/,1614332599.0,"{'author': 'Kenmoreknows', 'created_utc': 1614332599, 'title': 'Vaxart on the move again! $VXRT', 'url': 'https://www.reddit.com/r/wallstreetbets/comments/lsube8/vaxart_on_the_move_again_vxrt/', 'created': 1614332599.0}",2021-02-26 09:43:19
3,zrya1996,1614332598,CCIV let’s send to the moon 🚀,https://www.reddit.com/r/wallstreetbets/comments/lsubdy/cciv_lets_send_to_the_moon/,1614332598.0,"{'author': 'zrya1996', 'created_utc': 1614332598, 'title': 'CCIV let’s send to the moon 🚀', 'url': 'https://www.reddit.com/r/wallstreetbets/comments/lsubdy/cciv_lets_send_to_the_moon/', 'created': 1614332598.0}",2021-02-26 09:43:18
4,betsleeetztgotomooon,1614332590,Dont sell your Dreams for 100 dollar,https://www.reddit.com/r/wallstreetbets/comments/lsubb6/dont_sell_your_dreams_for_100_dollar/,1614332590.0,"{'author': 'betsleeetztgotomooon', 'created_utc': 1614332590, 'title': 'Dont sell your Dreams for 100 dollar', 'url': 'https://www.reddit.com/r/wallstreetbets/comments/lsubb6/dont_sell_your_dreams_for_100_dollar/', 'created': 1614332590.0}",2021-02-26 09:43:10
5,N01Knowzz,1614332562,Sqving my tendies to eat then on the moon 💎💎💎🙌🙌🙌,https://i.redd.it/sb64ui40msj61.jpg,1614332562.0,"{'author': 'N01Knowzz', 'created_utc': 1614332562, 'title': 'Sqving my tendies to eat then on the moon 💎💎💎🙌🙌🙌', 'url': 'https://i.redd.it/sb64ui40msj61.jpg', 'created': 1614332562.0}",2021-02-26 09:42:42
6,Past-Candidate3156,1614332558,Spineway to the Moon 🚀🚀,https://www.reddit.com/r/wallstreetbets/comments/lsub0l/spineway_to_the_moon/,1614332558.0,"{'author': 'Past-Candidate3156', 'created_utc': 1614332558, 'title': 'Spineway to the Moon 🚀🚀', 'url': 'https://www.reddit.com/r/wallstreetbets/comments/lsub0l/spineway_to_the_moon/', 'created': 1614332558.0}",2021-02-26 09:42:38
7,goingafk155,1614332557,My first YOLO for an earnings call at 5pm GMT hope it works since ive just been losing money,https://www.reddit.com/r/wallstreetbets/comments/lsub02/my_first_yolo_for_an_earnings_call_at_5pm_gmt/,1614332557.0,"{'author': 'goingafk155', 'created_utc': 1614332557, 'title': 'My first YOLO for an earnings call at 5pm GMT hope it works since ive just been losing money', 'url': 'https://www.reddit.com/r/wallstreetbets/comments/lsub02/my_first_yolo_for_an_earnings_call_at_5pm_gmt/', 'created': 1614332557.0}",2021-02-26 09:42:37
8,Independent-Indian,1614332549,What do you guys think of HCMC. I got into penny stocks after a long time of staying away but I’m not sure if this was a good investment. Any thoughts out there?,https://www.reddit.com/r/wallstreetbets/comments/lsuay1/what_do_you_guys_think_of_hcmc_i_got_into_penny/,1614332549.0,"{'author': 'Independent-Indian', 'created_utc': 1614332549, 'title': 'What do you guys think of HCMC. I got into penny stocks after a long time of staying away but I’m not sure if this was a good investment. Any thoughts out there?', 'url': 'https://www.reddit.com/r/wallstreetbets/comments/lsuay1/what_do_you_guys_think_of_hcmc_i_got_into_penny/', 'created': 1614332549.0}",2021-02-26 09:42:29
9,Dhop2,1614332547,"Remember where we came from , and remember WHERE WE ARE HEADING . Ignore the white noise. REMEMBER THEY BASICALLY OWN THE MEDIA",https://i.redd.it/2ofxx3zylsj61.jpg,1614332547.0,"{'author': 'Dhop2', 'created_utc': 1614332547, 'title': 'Remember where we came from , and remember WHERE WE ARE HEADING . Ignore the white noise. REMEMBER THEY BASICALLY OWN THE MEDIA', 'url': 'https://i.redd.it/2ofxx3zylsj61.jpg', 'created': 1614332547.0}",2021-02-26 09:42:27
10,Tane-Tane-mahuta,1614332420,"Remember everyone Berkshire Hathaway Inc is $348,222 per share. Per Share.",https://www.reddit.com/r/wallstreetbets/comments/lsu9us/remember_everyone_berkshire_hathaway_inc_is/,1614332420.0,"{'author': 'Tane-Tane-mahuta', 'created_utc': 1614332420, 'title': 'Remember everyone Berkshire Hathaway Inc is $348,222 per share. Per Share.', 'url': 'https://www.reddit.com/r/wallstreetbets/comments/lsu9us/remember_everyone_berkshire_hathaway_inc_is/', 'created': 1614332420.0}",2021-02-26 09:40:20
11,PoisonStockBoy,1614332388,4 Ladder attacks yesterday on GME,https://www.reddit.com/r/wallstreetbets/comments/lsu9l0/4_ladder_attacks_yesterday_on_gme/,1614332388.0,"{'author': 'PoisonStockBoy', 'created_utc': 1614332388, 'title': '4 Ladder attacks yesterday on GME', 'url': 'https://www.reddit.com/r/wallstreetbets/comments/lsu9l0/4_ladder_attacks_yesterday_on_gme/', 'created': 1614332388.0}",2021-02-26 09:39:48
12,redshfitcreation,1614332385,PRE MARKET READY FOR LIFT OFF hurr dirt it look like birdie 🚀🚀🚀💎🦍💎🦍💎🚀🚀🚀,https://i.redd.it/qodgisnhlsj61.jpg,1614332385.0,"{'author': 'redshfitcreation', 'created_utc': 1614332385, 'title': 'PRE MARKET READY FOR LIFT OFF hurr dirt it look like birdie 🚀🚀🚀💎🦍💎🦍💎🚀🚀🚀', 'url': 'https://i.redd.it/qodgisnhlsj61.jpg', 'created': 1614332385.0}",2021-02-26 09:39:45
13,Hadtochangeusername,1614332365,Call for a poll! 🗳,https://www.reddit.com/r/wallstreetbets/comments/lsu9e8/call_for_a_poll/,1614332365.0,"{'author': 'Hadtochangeusername', 'created_utc': 1614332365, 'title': 'Call for a poll! 🗳', 'url': 'https://www.reddit.com/r/wallstreetbets/comments/lsu9e8/call_for_a_poll/', 'created': 1614332365.0}",2021-02-26 09:39:25
14,DrRedditorJ,1614332353,"$GME Sell Off, What Next??",https://www.reddit.com/r/wallstreetbets/comments/lsu9b1/gme_sell_off_what_next/,1614332353.0,"{'author': 'DrRedditorJ', 'created_utc': 1614332353, 'title': '$GME Sell Off, What Next??', 'url': 'https://www.reddit.com/r/wallstreetbets/comments/lsu9b1/gme_sell_off_what_next/', 'created': 1614332353.0}",2021-02-26 09:39:13
15,TheDiehold,1614332343,The Legend of the 300 Autists,https://www.reddit.com/r/wallstreetbets/comments/lsu97u/the_legend_of_the_300_autists/,1614332343.0,"{'author': 'TheDiehold', 'created_utc': 1614332343, 'title': 'The Legend of the 300 Autists', 'url': 'https://www.reddit.com/r/wallstreetbets/comments/lsu97u/the_legend_of_the_300_autists/', 'created': 1614332343.0}",2021-02-26 09:39:03
16,ElkUsed3661,1614332304,💎💎 GME APES AT END GAME 💎💎,https://v.redd.it/nhraxmvrksj61,1614332304.0,"{'author': 'ElkUsed3661', 'created_utc': 1614332304, 'title': '💎💎 GME APES AT END GAME 💎💎', 'url': 'https://v.redd.it/nhraxmvrksj61', 'created': 1614332304.0}",2021-02-26 09:38:24
17,NoShmoke226,1614332250,Nuff said,https://i.redd.it/kt7dyg23lsj61.jpg,1614332250.0,"{'author': 'NoShmoke226', 'created_utc': 1614332250, 'title': 'Nuff said', 'url': 'https://i.redd.it/kt7dyg23lsj61.jpg', 'created': 1614332250.0}",2021-02-26 09:37:30
18,Wild_Property7613,1614332202,I am retard,https://www.reddit.com/r/wallstreetbets/comments/lsu812/i_am_retard/,1614332202.0,"{'author': 'Wild_Property7613', 'created_utc': 1614332202, 'title': 'I am retard', 'url': 'https://www.reddit.com/r/wallstreetbets/comments/lsu812/i_am_retard/', 'created': 1614332202.0}",2021-02-26 09:36:42
19,[deleted],1614332171,"400 shares In PLTR, Holding Long Term. Bought at 32, Averaged down to 27",https://i.redd.it/c250szouksj61.jpg,1614332171.0,"{'author': '[deleted]', 'created_utc': 1614332171, 'title': '400 shares In PLTR, Holding Long Term. Bought at 32, Averaged down to 27', 'url': 'https://i.redd.it/c250szouksj61.jpg', 'created': 1614332171.0}",2021-02-26 09:36:11
20,TheMuskOfElon,1614332099,Can someone explain this? Bought 1 share for $150 and now it's saying my average cost is $300,https://www.reddit.com/r/wallstreetbets/comments/lsu74y/can_someone_explain_this_bought_1_share_for_150/,1614332099.0,"{'author': 'TheMuskOfElon', 'created_utc': 1614332099, 'title': ""Can someone explain this? Bought 1 share for $150 and now it's saying my average cost is $300"", 'url': 'https://www.reddit.com/r/wallstreetbets/comments/lsu74y/can_someone_explain_this_bought_1_share_for_150/', 'created': 1614332099.0}",2021-02-26 09:34:59
21,jfloboost,1614332067,AMC gang. Sit back and relax.,https://i.redd.it/5tomeggjksj61.jpg,1614332067.0,"{'author': 'jfloboost', 'created_utc': 1614332067, 'title': 'AMC gang. Sit back and relax.', 'url': 'https://i.redd.it/5tomeggjksj61.jpg', 'created': 1614332067.0}",2021-02-26 09:34:27
22,spumgi,1614332062,#AMC1000,https://v.redd.it/zornc0egksj61,1614332062.0,"{'author': 'spumgi', 'created_utc': 1614332062, 'title': '#AMC1000', 'url': 'https://v.redd.it/zornc0egksj61', 'created': 1614332062.0}",2021-02-26 09:34:22
23,AndyLee168,1614331985,"For GME family: Very important premarket info for Friday Feb/26/2021. Pls read this and decide for yourself what to do! Life is full of choices, we choose, and hence we decide and accept the outcome! If like pls repost on Reddit and other social media platforms",https://www.reddit.com/r/wallstreetbets/comments/lsu68t/for_gme_family_very_important_premarket_info_for/,1614331985.0,"{'author': 'AndyLee168', 'created_utc': 1614331985, 'title': 'For GME family: Very important premarket info for Friday Feb/26/2021. Pls read this and decide for yourself what to do! Life is full of choices, we choose, and hence we decide and accept the outcome! If like pls repost on Reddit and other social media platforms', 'url': 'https://www.reddit.com/r/wallstreetbets/comments/lsu68t/for_gme_family_very_important_premarket_info_for/', 'created': 1614331985.0}",2021-02-26 09:33:05
24,NatMatt79,1614331975,#CBX 🚀🚀🚀,https://www.reddit.com/r/wallstreetbets/comments/lsu64h/cbx/,1614331975.0,"{'author': 'NatMatt79', 'created_utc': 1614331975, 'title': '#CBX 🚀🚀🚀', 'url': 'https://www.reddit.com/r/wallstreetbets/comments/lsu64h/cbx/', 'created': 1614331975.0}",2021-02-26 09:32:55
25,[deleted],1614331925,"Bought PLTR at 32, Averaged down to 27 over the past week. Good thing I have shares",https://i.redd.it/9dh9fuc4ksj61.jpg,1614331925.0,"{'author': '[deleted]', 'created_utc': 1614331925, 'title': 'Bought PLTR at 32, Averaged down to 27 over the past week. Good thing I have shares', 'url': 'https://i.redd.it/9dh9fuc4ksj61.jpg', 'created': 1614331925.0}",2021-02-26 09:32:05
26,jfloboost,1614331906,AMC gang. Sit watch and relax.,https://i.redd.it/exsk7tb2ksj61.jpg,1614331906.0,"{'author': 'jfloboost', 'created_utc': 1614331906, 'title': 'AMC gang. Sit watch and relax.', 'url': 'https://i.redd.it/exsk7tb2ksj61.jpg', 'created': 1614331906.0}",2021-02-26 09:31:46
27,Top-Handle-7482,1614331882,Buy,https://www.reddit.com/r/wallstreetbets/comments/lsu5fn/buy/,1614331882.0,"{'author': 'Top-Handle-7482', 'created_utc': 1614331882, 'title': 'Buy', 'url': 'https://www.reddit.com/r/wallstreetbets/comments/lsu5fn/buy/', 'created': 1614331882.0}",2021-02-26 09:31:22
28,[deleted],1614331820,hedge funds are cool,https://v.redd.it/2uv7aw7pjsj61,1614331820.0,"{'author': '[deleted]', 'created_utc': 1614331820, 'title': 'hedge funds are cool', 'url': 'https://v.redd.it/2uv7aw7pjsj61', 'created': 1614331820.0}",2021-02-26 09:30:20
29,Top-Handle-7482,1614331802,"Buy, sell at 10$",https://www.reddit.com/r/wallstreetbets/comments/lsu4q7/buy_sell_at_10/,1614331802.0,"{'author': 'Top-Handle-7482', 'created_utc': 1614331802, 'title': 'Buy, sell at 10$', 'url': 'https://www.reddit.com/r/wallstreetbets/comments/lsu4q7/buy_sell_at_10/', 'created': 1614331802.0}",2021-02-26 09:30:02
30,akalenny,1614331794,The NAKED SHORTING has to stop and they need to be held accountable and punished.,https://www.reddit.com/r/wallstreetbets/comments/lsu4nw/the_naked_shorting_has_to_stop_and_they_need_to/,1614331794.0,"{'author': 'akalenny', 'created_utc': 1614331794, 'title': 'The NAKED SHORTING has to stop and they need to be held accountable and punished.', 'url': 'https://www.reddit.com/r/wallstreetbets/comments/lsu4nw/the_naked_shorting_has_to_stop_and_they_need_to/', 'created': 1614331794.0}",2021-02-26 09:29:54
31,Silly_Magician_906,1614331792,NAK,https://www.reddit.com/r/wallstreetbets/comments/lsu4n9/nak/,1614331792.0,"{'author': 'Silly_Magician_906', 'created_utc': 1614331792, 'title': 'NAK', 'url': 'https://www.reddit.com/r/wallstreetbets/comments/lsu4n9/nak/', 'created': 1614331792.0}",2021-02-26 09:29:52
32,RickDaRulahh,1614331768,"Greed day good day, Red day good day. PERSPECTIVE",https://www.reddit.com/r/wallstreetbets/comments/lsu4h2/greed_day_good_day_red_day_good_day_perspective/,1614331768.0,"{'author': 'RickDaRulahh', 'created_utc': 1614331768, 'title': 'Greed day good day, Red day good day. PERSPECTIVE', 'url': 'https://www.reddit.com/r/wallstreetbets/comments/lsu4h2/greed_day_good_day_red_day_good_day_perspective/', 'created': 1614331768.0}",2021-02-26 09:29:28
33,N01Knowzz,1614331739,"Steady hands, hold the line bois !!",https://i.redd.it/wc1qqxekjsj61.jpg,1614331739.0,"{'author': 'N01Knowzz', 'created_utc': 1614331739, 'title': 'Steady hands, hold the line bois !!', 'url': 'https://i.redd.it/wc1qqxekjsj61.jpg', 'created': 1614331739.0}",2021-02-26 09:28:59
34,Moonlight-90,1614331713,These are my Ladder attacks for you HEDGIESSS ! 🦍🦍 here to stay ! 💎,https://www.reddit.com/gallery/lsu40u,1614331713.0,"{'author': 'Moonlight-90', 'created_utc': 1614331713, 'title': 'These are my Ladder attacks for you HEDGIESSS ! 🦍🦍 here to stay ! 💎', 'url': 'https://www.reddit.com/gallery/lsu40u', 'created': 1614331713.0}",2021-02-26 09:28:33
35,Upper-Map1789,1614331681,GME,https://www.reddit.com/r/wallstreetbets/comments/lsu3rg/gme/,1614331681.0,"{'author': 'Upper-Map1789', 'created_utc': 1614331681, 'title': 'GME', 'url': 'https://www.reddit.com/r/wallstreetbets/comments/lsu3rg/gme/', 'created': 1614331681.0}",2021-02-26 09:28:01
36,Ghostly1031,1614331679,All my diamond handed retards out here 💎✊🏻,https://i.redd.it/f2m5zf0ejsj61.jpg,1614331679.0,"{'author': 'Ghostly1031', 'created_utc': 1614331679, 'title': 'All my diamond handed retards out here 💎✊🏻', 'url': 'https://i.redd.it/f2m5zf0ejsj61.jpg', 'created': 1614331679.0}",2021-02-26 09:27:59
37,Then-Literature7635,1614331638,GREAT START LUCID LETS GOO!!,https://i.redd.it/xvpcyk6tisj61.jpg,1614331638.0,"{'author': 'Then-Literature7635', 'created_utc': 1614331638, 'title': 'GREAT START LUCID LETS GOO!!', 'url': 'https://i.redd.it/xvpcyk6tisj61.jpg', 'created': 1614331638.0}",2021-02-26 09:27:18
38,Top-Handle-7482,1614331579,Buy,https://www.reddit.com/r/wallstreetbets/comments/lsu2xc/buy/,1614331579.0,"{'author': 'Top-Handle-7482', 'created_utc': 1614331579, 'title': 'Buy', 'url': 'https://www.reddit.com/r/wallstreetbets/comments/lsu2xc/buy/', 'created': 1614331579.0}",2021-02-26 09:26:19
39,AndyLee168,1614331577,"Very important premarket information for Friday Feb/26/2021. Pls read this and decide for yourself what to do! If you are already a holder or if you want to join. Or if you want to leave this stock. Life is full of choices, we choose, and hence we decide and accept the outcome!",https://www.reddit.com/r/wallstreetbets/comments/lsu2ww/very_important_premarket_information_for_friday/,1614331577.0,"{'author': 'AndyLee168', 'created_utc': 1614331577, 'title': 'Very important premarket information for Friday Feb/26/2021. Pls read this and decide for yourself what to do! If you are already a holder or if you want to join. Or if you want to leave this stock. Life is full of choices, we choose, and hence we decide and accept the outcome!', 'url': 'https://www.reddit.com/r/wallstreetbets/comments/lsu2ww/very_important_premarket_information_for_friday/', 'created': 1614331577.0}",2021-02-26 09:26:17
40,sjerkyll,1614331558,So which one of you bought this?,https://www.youtube.com/watch?v=HdwlOkegMGw&amp;ab_channel=CreativeandFun#t=1m50s,1614331558.0,"{'author': 'sjerkyll', 'created_utc': 1614331558, 'title': 'So which one of you bought this?', 'url': 'https://www.youtube.com/watch?v=HdwlOkegMGw&amp;ab_channel=CreativeandFun#t=1m50s', 'created': 1614331558.0}",2021-02-26 09:25:58
41,Money_Bags_,1614331552,"Stock Market Board Game - Stonk Fix Anytime, Anywhere",https://www.reddit.com/r/wallstreetbets/comments/lsu2pd/stock_market_board_game_stonk_fix_anytime_anywhere/,1614331552.0,"{'author': 'Money_Bags_', 'created_utc': 1614331552, 'title': 'Stock Market Board Game - Stonk Fix Anytime, Anywhere', 'url': 'https://www.reddit.com/r/wallstreetbets/comments/lsu2pd/stock_market_board_game_stonk_fix_anytime_anywhere/', 'created': 1614331552.0}",2021-02-26 09:25:52
42,N01Knowzz,1614331524,All in on GME for you fellow apes 💎💎🦧🦧🍌🍌🙌🙌 who is with me?,https://i.redd.it/iauops9xisj61.jpg,1614331524.0,"{'author': 'N01Knowzz', 'created_utc': 1614331524, 'title': 'All in on GME for you fellow apes 💎💎\U0001f9a7\U0001f9a7🍌🍌🙌🙌 who is with me?', 'url': 'https://i.redd.it/iauops9xisj61.jpg', 'created': 1614331524.0}",2021-02-26 09:25:24
43,[deleted],1614331502,I converted the price of GME to sound and could not believe my ears,https://v.redd.it/hdbzf4gsisj61,1614331502.0,"{'author': '[deleted]', 'created_utc': 1614331502, 'title': 'I converted the price of GME to sound and could not believe my ears', 'url': 'https://v.redd.it/hdbzf4gsisj61', 'created': 1614331502.0}",2021-02-26 09:25:02
44,exploitableiq,1614331413,So we know HFs are naked short selling... now what?,https://www.reddit.com/r/wallstreetbets/comments/lsu1l2/so_we_know_hfs_are_naked_short_selling_now_what/,1614331413.0,"{'author': 'exploitableiq', 'created_utc': 1614331413, 'title': 'So we know HFs are naked short selling... now what?', 'url': 'https://www.reddit.com/r/wallstreetbets/comments/lsu1l2/so_we_know_hfs_are_naked_short_selling_now_what/', 'created': 1614331413.0}",2021-02-26 09:23:33
45,AndyLee168,1614331379,"important premarket information for Friday Feb/26/2021. Read decide for yourself what to do! If you are already a holder or if you want to join. Or if you want to leave this stock. Life is full of choices, we choose, and hence we decide and accept the outcome!",https://www.reddit.com/r/wallstreetbets/comments/lsu18y/important_premarket_information_for_friday/,1614331379.0,"{'author': 'AndyLee168', 'created_utc': 1614331379, 'title': 'important premarket information for Friday Feb/26/2021. Read decide for yourself what to do! If you are already a holder or if you want to join. Or if you want to leave this stock. Life is full of choices, we choose, and hence we decide and accept the outcome!', 'url': 'https://www.reddit.com/r/wallstreetbets/comments/lsu18y/important_premarket_information_for_friday/', 'created': 1614331379.0}",2021-02-26 09:22:59
46,mdeapo,1614331367,GME is up 11% Pre-market!,https://i.redd.it/rilvhalgisj61.jpg,1614331367.0,"{'author': 'mdeapo', 'created_utc': 1614331367, 'title': 'GME is up 11% Pre-market!', 'url': 'https://i.redd.it/rilvhalgisj61.jpg', 'created': 1614331367.0}",2021-02-26 09:22:47
47,AndyATL,1614331353,GME - Ready for liftoff 🚀,https://i.redd.it/ltqyxt1fisj61.jpg,1614331353.0,"{'author': 'AndyATL', 'created_utc': 1614331353, 'title': 'GME - Ready for liftoff 🚀', 'url': 'https://i.redd.it/ltqyxt1fisj61.jpg', 'created': 1614331353.0}",2021-02-26 09:22:33
48,Lomosxd,1614331350,If this is not a sign for today idk what,https://i.redd.it/lcnxo1neisj61.jpg,1614331350.0,"{'author': 'Lomosxd', 'created_utc': 1614331350, 'title': 'If this is not a sign for today idk what', 'url': 'https://i.redd.it/lcnxo1neisj61.jpg', 'created': 1614331350.0}",2021-02-26 09:22:30
49,SnooRabbits4834,1614331347,Elon 🚀🚀🚀🚀🚀🚀,https://i.redd.it/wfixoogeisj61.jpg,1614331347.0,"{'author': 'SnooRabbits4834', 'created_utc': 1614331347, 'title': 'Elon 🚀🚀🚀🚀🚀🚀', 'url': 'https://i.redd.it/wfixoogeisj61.jpg', 'created': 1614331347.0}",2021-02-26 09:22:27
50,Traderboy1701,1614331336,The Way,https://www.reddit.com/r/wallstreetbets/comments/lsu0w4/the_way/,1614331336.0,"{'author': 'Traderboy1701', 'created_utc': 1614331336, 'title': 'The Way', 'url': 'https://www.reddit.com/r/wallstreetbets/comments/lsu0w4/the_way/', 'created': 1614331336.0}",2021-02-26 09:22:16
51,Centzon92,1614331260,Shorting ETFs to keep down GME?,https://www.reddit.com/r/wallstreetbets/comments/lsu08s/shorting_etfs_to_keep_down_gme/,1614331260.0,"{'author': 'Centzon92', 'created_utc': 1614331260, 'title': 'Shorting ETFs to keep down GME?', 'url': 'https://www.reddit.com/r/wallstreetbets/comments/lsu08s/shorting_etfs_to_keep_down_gme/', 'created': 1614331260.0}",2021-02-26 09:21:00
52,questioned85,1614331248,For those with truly DIAMOND BALLS 💎🚀💎🙌💎🚀🚀🚀🚀🚀🚀🚀,https://www.reddit.com/r/wallstreetbets/comments/lsu05g/for_those_with_truly_diamond_balls/,1614331248.0,"{'author': 'questioned85', 'created_utc': 1614331248, 'title': 'For those with truly DIAMOND BALLS 💎🚀💎🙌💎🚀🚀🚀🚀🚀🚀🚀', 'url': 'https://www.reddit.com/r/wallstreetbets/comments/lsu05g/for_those_with_truly_diamond_balls/', 'created': 1614331248.0}",2021-02-26 09:20:48
53,RichIndividual7203,1614331232,Feelsbadman,https://i.redd.it/62xdo852isj61.jpg,1614331232.0,"{'author': 'RichIndividual7203', 'created_utc': 1614331232, 'title': 'Feelsbadman', 'url': 'https://i.redd.it/62xdo852isj61.jpg', 'created': 1614331232.0}",2021-02-26 09:20:32
54,QYousef_,1614331211,Important information. Must watch.,https://www.reddit.com/r/wallstreetbets/comments/lstzu5/important_information_must_watch/,1614331211.0,"{'author': 'QYousef_', 'created_utc': 1614331211, 'title': 'Important information. Must watch.', 'url': 'https://www.reddit.com/r/wallstreetbets/comments/lstzu5/important_information_must_watch/', 'created': 1614331211.0}",2021-02-26 09:20:11
55,Groccomango,1614331196,GME PREMARKET,https://www.reddit.com/r/wallstreetbets/comments/lstzqd/gme_premarket/,1614331196.0,"{'author': 'Groccomango', 'created_utc': 1614331196, 'title': 'GME PREMARKET', 'url': 'https://www.reddit.com/r/wallstreetbets/comments/lstzqd/gme_premarket/', 'created': 1614331196.0}",2021-02-26 09:19:56
56,[deleted],1614331137,Heyy,https://i.redd.it/3xn4ndzrhsj61.jpg,1614331137.0,"{'author': '[deleted]', 'created_utc': 1614331137, 'title': 'Heyy', 'url': 'https://i.redd.it/3xn4ndzrhsj61.jpg', 'created': 1614331137.0}",2021-02-26 09:18:57
57,drubladez,1614331135,Cciv 🚀🚀,https://www.reddit.com/r/wallstreetbets/comments/lstz9n/cciv/,1614331135.0,"{'author': 'drubladez', 'created_utc': 1614331135, 'title': 'Cciv 🚀🚀', 'url': 'https://www.reddit.com/r/wallstreetbets/comments/lstz9n/cciv/', 'created': 1614331135.0}",2021-02-26 09:18:55
58,[deleted],1614331084,GME can't go tits up,https://www.reddit.com/r/wallstreetbets/comments/lstyw2/gme_cant_go_tits_up/,1614331084.0,"{'author': '[deleted]', 'created_utc': 1614331084, 'title': ""GME can't go tits up"", 'url': 'https://www.reddit.com/r/wallstreetbets/comments/lstyw2/gme_cant_go_tits_up/', 'created': 1614331084.0}",2021-02-26 09:18:04
59,at_Scarymonster,1614331075,"The truly diamond hands hodl when the price is green not red... Just a monkey with retards friends, typed with a banana 🍌",https://i.redd.it/o880krblhsj61.jpg,1614331075.0,"{'author': 'at_Scarymonster', 'created_utc': 1614331075, 'title': 'The truly diamond hands hodl when the price is green not red... Just a monkey with retards friends, typed with a banana 🍌', 'url': 'https://i.redd.it/o880krblhsj61.jpg', 'created': 1614331075.0}",2021-02-26 09:17:55
60,Separate-Grape3922,1614331074,GME? New HPQ video! Look at this x100 company...,https://www.reddit.com/r/wallstreetbets/comments/lstyth/gme_new_hpq_video_look_at_this_x100_company/,1614331074.0,"{'author': 'Separate-Grape3922', 'created_utc': 1614331074, 'title': 'GME? New HPQ video! Look at this x100 company...', 'url': 'https://www.reddit.com/r/wallstreetbets/comments/lstyth/gme_new_hpq_video_look_at_this_x100_company/', 'created': 1614331074.0}",2021-02-26 09:17:54
61,bbbbtheonlywayisup,1614331070,Who is supporting #NOK?💎✋🐍🐍,https://www.reddit.com/r/wallstreetbets/comments/lstysn/who_is_supporting_nok/,1614331070.0,"{'author': 'bbbbtheonlywayisup', 'created_utc': 1614331070, 'title': 'Who is supporting #NOK?💎✋🐍🐍', 'url': 'https://www.reddit.com/r/wallstreetbets/comments/lstysn/who_is_supporting_nok/', 'created': 1614331070.0}",2021-02-26 09:17:50
62,thoushallbeanon,1614331041,💎👆Working hard while some of us sleep. Premarket has us up 11%! Happy ATH Friday! 🚀🍌🍌🍌🚀🌕,https://i.redd.it/z2hbzkbhhsj61.jpg,1614331041.0,"{'author': 'thoushallbeanon', 'created_utc': 1614331041, 'title': '💎👆Working hard while some of us sleep. Premarket has us up 11%! Happy ATH Friday! 🚀🍌🍌🍌🚀🌕', 'url': 'https://i.redd.it/z2hbzkbhhsj61.jpg', 'created': 1614331041.0}",2021-02-26 09:17:21
63,atchikatchikatchik,1614331037,"IBKR is cancelling high sell orders. Third time they do it, what can i do instead of checking it all day long and put back orders they cancelled???",https://www.reddit.com/gallery/lstyjr,1614331037.0,"{'author': 'atchikatchikatchik', 'created_utc': 1614331037, 'title': 'IBKR is cancelling high sell orders. Third time they do it, what can i do instead of checking it all day long and put back orders they cancelled???', 'url': 'https://www.reddit.com/gallery/lstyjr', 'created': 1614331037.0}",2021-02-26 09:17:17
64,GordonRekto42069,1614331015,How do you close/sell option contracts at the end of their lifespan?,https://www.reddit.com/r/wallstreetbets/comments/lstydy/how_do_you_closesell_option_contracts_at_the_end/,1614331015.0,"{'author': 'GordonRekto42069', 'created_utc': 1614331015, 'title': 'How do you close/sell option contracts at the end of their lifespan?', 'url': 'https://www.reddit.com/r/wallstreetbets/comments/lstydy/how_do_you_closesell_option_contracts_at_the_end/', 'created': 1614331015.0}",2021-02-26 09:16:55
65,nightlamps,1614330985,Elon Musk responds 🤣🤣,https://i.redd.it/xr6b74pbhsj61.jpg,1614330985.0,"{'author': 'nightlamps', 'created_utc': 1614330985, 'title': 'Elon Musk responds 🤣🤣', 'url': 'https://i.redd.it/xr6b74pbhsj61.jpg', 'created': 1614330985.0}",2021-02-26 09:16:25
66,[deleted],1614330967,"The truly diamond hands hodl when the price is green not red... Just a monkey with retards friends, typed with a banana 🍌",https://i.redd.it/wkfaybr9hsj61.jpg,1614330967.0,"{'author': '[deleted]', 'created_utc': 1614330967, 'title': 'The truly diamond hands hodl when the price is green not red... Just a monkey with retards friends, typed with a banana 🍌', 'url': 'https://i.redd.it/wkfaybr9hsj61.jpg', 'created': 1614330967.0}",2021-02-26 09:16:07
67,AkikoMinami,1614330966,Showing support from Autistria. It ain‘t much but it‘s all I got.,https://www.reddit.com/gallery/lstxzj,1614330966.0,"{'author': 'AkikoMinami', 'created_utc': 1614330966, 'title': 'Showing support from Autistria. It ain‘t much but it‘s all I got.', 'url': 'https://www.reddit.com/gallery/lstxzj', 'created': 1614330966.0}",2021-02-26 09:16:06
68,masterofmoneyzz,1614330964,Dear Hedgefunds I am curious to see which of you will use the parachute and survive.,https://twitter.com/KjetillStjerne/status/1365220373042786304?s=19,1614330964.0,"{'author': 'masterofmoneyzz', 'created_utc': 1614330964, 'title': 'Dear Hedgefunds I am curious to see which of you will use the parachute and survive.', 'url': 'https://twitter.com/KjetillStjerne/status/1365220373042786304?s=19', 'created': 1614330964.0}",2021-02-26 09:16:04
69,cursed-blackie,1614330960,Etoro know what the fuck is up! Let's keep that number at 100% retards! 🙌💎🙌,https://i.redd.it/mfz99l6wgsj61.png,1614330960.0,"{'author': 'cursed-blackie', 'created_utc': 1614330960, 'title': ""Etoro know what the fuck is up! Let's keep that number at 100% retards! 🙌💎🙌"", 'url': 'https://i.redd.it/mfz99l6wgsj61.png', 'created': 1614330960.0}",2021-02-26 09:16:00
70,[deleted],1614330950,"The truly diamond hands hodl when the price is green not red... Just a monkey with retards friends, typed with a banana 🍌",https://i.redd.it/nq22lsy7hsj61.jpg,1614330950.0,"{'author': '[deleted]', 'created_utc': 1614330950, 'title': 'The truly diamond hands hodl when the price is green not red... Just a monkey with retards friends, typed with a banana 🍌', 'url': 'https://i.redd.it/nq22lsy7hsj61.jpg', 'created': 1614330950.0}",2021-02-26 09:15:50
71,Rasuco,1614330914,In light of recent events-,https://i.redd.it/asx29p54hsj61.jpg,1614330914.0,"{'author': 'Rasuco', 'created_utc': 1614330914, 'title': 'In light of recent events-', 'url': 'https://i.redd.it/asx29p54hsj61.jpg', 'created': 1614330914.0}",2021-02-26 09:15:14
72,Fly_By_Knight2791,1614330896,HALTS for NOOBS,https://www.reddit.com/r/wallstreetbets/comments/lstxg0/halts_for_noobs/,1614330896.0,"{'author': 'Fly_By_Knight2791', 'created_utc': 1614330896, 'title': 'HALTS for NOOBS', 'url': 'https://www.reddit.com/r/wallstreetbets/comments/lstxg0/halts_for_noobs/', 'created': 1614330896.0}",2021-02-26 09:14:56
73,anal_kanal_lover,1614330870,Where can I find high quality WBS kid with diamonds?,https://www.reddit.com/r/wallstreetbets/comments/lstx8u/where_can_i_find_high_quality_wbs_kid_with/,1614330870.0,"{'author': 'anal_kanal_lover', 'created_utc': 1614330870, 'title': 'Where can I find high quality WBS kid with diamonds?', 'url': 'https://www.reddit.com/r/wallstreetbets/comments/lstx8u/where_can_i_find_high_quality_wbs_kid_with/', 'created': 1614330870.0}",2021-02-26 09:14:30
74,questioned85,1614330854,For the truly DIAMOND BALLS HERE 💎🙌💎🚀🚀🚀🚀🚀🚀🚀🚀,https://www.reddit.com/r/wallstreetbets/comments/lstx3i/for_the_truly_diamond_balls_here/,1614330854.0,"{'author': 'questioned85', 'created_utc': 1614330854, 'title': 'For the truly DIAMOND BALLS HERE 💎🙌💎🚀🚀🚀🚀🚀🚀🚀🚀', 'url': 'https://www.reddit.com/r/wallstreetbets/comments/lstx3i/for_the_truly_diamond_balls_here/', 'created': 1614330854.0}",2021-02-26 09:14:14
75,Sinnaabun,1614330834,How can charts have different completely different price range based on 1 min vs 5 min for same period?,https://www.reddit.com/gallery/lstwy4,1614330834.0,"{'author': 'Sinnaabun', 'created_utc': 1614330834, 'title': 'How can charts have different completely different price range based on 1 min vs 5 min for same period?', 'url': 'https://www.reddit.com/gallery/lstwy4', 'created': 1614330834.0}",2021-02-26 09:13:54
76,rmburner,1614330815,Where to buy GME ??£££,https://www.reddit.com/r/wallstreetbets/comments/lstwsf/where_to_buy_gme/,1614330815.0,"{'author': 'rmburner', 'created_utc': 1614330815, 'title': 'Where to buy GME ??£££', 'url': 'https://www.reddit.com/r/wallstreetbets/comments/lstwsf/where_to_buy_gme/', 'created': 1614330815.0}",2021-02-26 09:13:35
77,XotyOng,1614330794,Look at the percentage of shares shorted! 1486%,https://www.reddit.com/gallery/lstwnc,1614330794.0,"{'author': 'XotyOng', 'created_utc': 1614330794, 'title': 'Look at the percentage of shares shorted! 1486%', 'url': 'https://www.reddit.com/gallery/lstwnc', 'created': 1614330794.0}",2021-02-26 09:13:14
78,akalenny,1614330793,"Deep breath everyone, it’s going to be ok. Economy is bouncing back just fine with positive outlooks. The bond has already adjusted downward. Remember, without the ups and downs the rich don’t get richer. They love when everyone panics.",https://i.redd.it/pp0agyyqgsj61.jpg,1614330793.0,"{'author': 'akalenny', 'created_utc': 1614330793, 'title': 'Deep breath everyone, it’s going to be ok. Economy is bouncing back just fine with positive outlooks. The bond has already adjusted downward. Remember, without the ups and downs the rich don’t get richer. They love when everyone panics.', 'url': 'https://i.redd.it/pp0agyyqgsj61.jpg', 'created': 1614330793.0}",2021-02-26 09:13:13
79,FamilyMan4kids,1614330787,My #GME/AMC shares makes me feeling like this today!! Diamond hand! Hold on and don’t be a 🐈‍⬛😫🙀,https://v.redd.it/c6jpwfc6gsj61,1614330787.0,"{'author': 'FamilyMan4kids', 'created_utc': 1614330787, 'title': 'My #GME/AMC shares makes me feeling like this today!! Diamond hand! Hold on and don’t be a 🐈\u200d⬛😫🙀', 'url': 'https://v.redd.it/c6jpwfc6gsj61', 'created': 1614330787.0}",2021-02-26 09:13:07
80,Ultronwascorrect,1614330747,GME Classified as HTB (hard to borrow) shorts are literally out of ammo,https://www.reddit.com/r/wallstreetbets/comments/lstwaf/gme_classified_as_htb_hard_to_borrow_shorts_are/,1614330747.0,"{'author': 'Ultronwascorrect', 'created_utc': 1614330747, 'title': 'GME Classified as HTB (hard to borrow) shorts are literally out of ammo', 'url': 'https://www.reddit.com/r/wallstreetbets/comments/lstwaf/gme_classified_as_htb_hard_to_borrow_shorts_are/', 'created': 1614330747.0}",2021-02-26 09:12:27
81,[deleted],1614330731,2021 Times Person of Person: He deserves sex! Mem,https://i.redd.it/51jzze1kgsj61.png,1614330731.0,"{'author': '[deleted]', 'created_utc': 1614330731, 'title': '2021 Times Person of Person: He deserves sex! Mem', 'url': 'https://i.redd.it/51jzze1kgsj61.png', 'created': 1614330731.0}",2021-02-26 09:12:11
82,Crusader-29,1614330713,Stupid Melvin and Vlad think I am stupid,https://www.reddit.com/r/wallstreetbets/comments/lstvyl/stupid_melvin_and_vlad_think_i_am_stupid/,1614330713.0,"{'author': 'Crusader-29', 'created_utc': 1614330713, 'title': 'Stupid Melvin and Vlad think I am stupid', 'url': 'https://www.reddit.com/r/wallstreetbets/comments/lstvyl/stupid_melvin_and_vlad_think_i_am_stupid/', 'created': 1614330713.0}",2021-02-26 09:11:53
83,[deleted],1614330712,"$CCIV SHORT SQUEEZE ATTACK INCOMING!!! SADDLE UP BOYZZZZZ!!! $250 Limit Sell Set, LET'S FUCKING GOOOOOO!!!!!",https://www.reddit.com/r/wallstreetbets/comments/lstvyb/cciv_short_squeeze_attack_incoming_saddle_up/,1614330712.0,"{'author': '[deleted]', 'created_utc': 1614330712, 'title': ""$CCIV SHORT SQUEEZE ATTACK INCOMING!!! SADDLE UP BOYZZZZZ!!! $250 Limit Sell Set, LET'S FUCKING GOOOOOO!!!!!"", 'url': 'https://www.reddit.com/r/wallstreetbets/comments/lstvyb/cciv_short_squeeze_attack_incoming_saddle_up/', 'created': 1614330712.0}",2021-02-26 09:11:52
84,Key_Intern_7239,1614330704,Everyone let’s ride cciv to the moooonnnn!!,https://www.reddit.com/r/wallstreetbets/comments/lstvwf/everyone_lets_ride_cciv_to_the_moooonnnn/,1614330704.0,"{'author': 'Key_Intern_7239', 'created_utc': 1614330704, 'title': 'Everyone let’s ride cciv to the moooonnnn!!', 'url': 'https://www.reddit.com/r/wallstreetbets/comments/lstvwf/everyone_lets_ride_cciv_to_the_moooonnnn/', 'created': 1614330704.0}",2021-02-26 09:11:44
85,Then-Literature7635,1614330702,LETS GOOO!!!!,https://i.redd.it/moj6305fgsj61.jpg,1614330702.0,"{'author': 'Then-Literature7635', 'created_utc': 1614330702, 'title': 'LETS GOOO!!!!', 'url': 'https://i.redd.it/moj6305fgsj61.jpg', 'created': 1614330702.0}",2021-02-26 09:11:42
86,[deleted],1614330695,Warren Buffett saying shorting is the sort of thing you can go broke doing it. Let's make it happen. $GME,https://youtu.be/GVtaKKn43M8?t=80,1614330695.0,"{'author': '[deleted]', 'created_utc': 1614330695, 'title': ""Warren Buffett saying shorting is the sort of thing you can go broke doing it. Let's make it happen. $GME"", 'url': 'https://youtu.be/GVtaKKn43M8?t=80', 'created': 1614330695.0}",2021-02-26 09:11:35
87,hellothere_bigmoney,1614330655,GME TO THE MOON,https://www.reddit.com/r/wallstreetbets/comments/lstvia/gme_to_the_moon/,1614330655.0,"{'author': 'hellothere_bigmoney', 'created_utc': 1614330655, 'title': 'GME TO THE MOON', 'url': 'https://www.reddit.com/r/wallstreetbets/comments/lstvia/gme_to_the_moon/', 'created': 1614330655.0}",2021-02-26 09:10:55
88,mugdog12,1614330652,CCIV/Lucid SQUEEZE!!! Let’s run the price up,https://www.reddit.com/r/wallstreetbets/comments/lstvhi/ccivlucid_squeeze_lets_run_the_price_up/,1614330652.0,"{'author': 'mugdog12', 'created_utc': 1614330652, 'title': 'CCIV/Lucid SQUEEZE!!! Let’s run the price up', 'url': 'https://www.reddit.com/r/wallstreetbets/comments/lstvhi/ccivlucid_squeeze_lets_run_the_price_up/', 'created': 1614330652.0}",2021-02-26 09:10:52
89,[deleted],1614330566,TIME's Person of the Year 2021: He fucking deserves it!,https://i.redd.it/a8udxzcxfsj61.png,1614330566.0,"{'author': '[deleted]', 'created_utc': 1614330566, 'title': ""TIME's Person of the Year 2021: He fucking deserves it!"", 'url': 'https://i.redd.it/a8udxzcxfsj61.png', 'created': 1614330566.0}",2021-02-26 09:09:26
90,maccioni,1614330526,Next big squeeze?,https://www.reddit.com/r/wallstreetbets/comments/lstuhb/next_big_squeeze/,1614330526.0,"{'author': 'maccioni', 'created_utc': 1614330526, 'title': 'Next big squeeze?', 'url': 'https://www.reddit.com/r/wallstreetbets/comments/lstuhb/next_big_squeeze/', 'created': 1614330526.0}",2021-02-26 09:08:46
91,superlungs7,1614330524,NAK LOOKING GOOD. ANYONE WANT TO HELP MAKE IT RUN,https://finance.yahoo.com/news/northern-dynasty-us-army-corps-020000788.html,1614330524.0,"{'author': 'superlungs7', 'created_utc': 1614330524, 'title': 'NAK LOOKING GOOD. ANYONE WANT TO HELP MAKE IT RUN', 'url': 'https://finance.yahoo.com/news/northern-dynasty-us-army-corps-020000788.html', 'created': 1614330524.0}",2021-02-26 09:08:44
92,Coolguy6979,1614330472,$GME PRE MARKET LOOKING GOOD,https://www.reddit.com/r/wallstreetbets/comments/lstu0h/gme_pre_market_looking_good/,1614330472.0,"{'author': 'Coolguy6979', 'created_utc': 1614330472, 'title': '$GME PRE MARKET LOOKING GOOD', 'url': 'https://www.reddit.com/r/wallstreetbets/comments/lstu0h/gme_pre_market_looking_good/', 'created': 1614330472.0}",2021-02-26 09:07:52
93,Lachaser,1614330444,I’m not a rich man BUT I AM A RETARDED APE GME &amp; AMC TO THE MOON 🚀🚀🚀🚀🚀 I LOVE THE STONKS HOLD AND BUY YOU DIAMOND HAND RETARDS WE ARE IN IT TOGETHER 💎💎💎🤲🤲🤲 ( all the way from the u.k ),https://i.redd.it/kicuvaspfsj61.jpg,1614330444.0,"{'author': 'Lachaser', 'created_utc': 1614330444, 'title': 'I’m not a rich man BUT I AM A RETARDED APE GME &amp; AMC TO THE MOON 🚀🚀🚀🚀🚀 I LOVE THE STONKS HOLD AND BUY YOU DIAMOND HAND RETARDS WE ARE IN IT TOGETHER 💎💎💎🤲🤲🤲 ( all the way from the u.k )', 'url': 'https://i.redd.it/kicuvaspfsj61.jpg', 'created': 1614330444.0}",2021-02-26 09:07:24
94,cIoudX,1614330413,Trading apps for Malaysian suggestions,https://www.reddit.com/r/wallstreetbets/comments/lsttik/trading_apps_for_malaysian_suggestions/,1614330413.0,"{'author': 'cIoudX', 'created_utc': 1614330413, 'title': 'Trading apps for Malaysian suggestions', 'url': 'https://www.reddit.com/r/wallstreetbets/comments/lsttik/trading_apps_for_malaysian_suggestions/', 'created': 1614330413.0}",2021-02-26 09:06:53
95,Anxious_Vermicelli_3,1614330376,MVIS TO THE MOON!?,https://www.reddit.com/r/wallstreetbets/comments/lstt8l/mvis_to_the_moon/,1614330376.0,"{'author': 'Anxious_Vermicelli_3', 'created_utc': 1614330376, 'title': 'MVIS TO THE MOON!?', 'url': 'https://www.reddit.com/r/wallstreetbets/comments/lstt8l/mvis_to_the_moon/', 'created': 1614330376.0}",2021-02-26 09:06:16
96,Many-Obligation-6737,1614330345,Highest increase in stock value change amount of ARK ETFs fund holdings - 25 Feb 2021,https://www.reddit.com/gallery/lstszw,1614330345.0,"{'author': 'Many-Obligation-6737', 'created_utc': 1614330345, 'title': 'Highest increase in stock value change amount of ARK ETFs fund holdings - 25 Feb 2021', 'url': 'https://www.reddit.com/gallery/lstszw', 'created': 1614330345.0}",2021-02-26 09:05:45
97,Pure-Ad3537,1614330344,Acquiring the knowledge of the apes🦍!,https://www.reddit.com/r/wallstreetbets/comments/lstszq/acquiring_the_knowledge_of_the_apes/,1614330344.0,"{'author': 'Pure-Ad3537', 'created_utc': 1614330344, 'title': 'Acquiring the knowledge of the apes🦍!', 'url': 'https://www.reddit.com/r/wallstreetbets/comments/lstszq/acquiring_the_knowledge_of_the_apes/', 'created': 1614330344.0}",2021-02-26 09:05:44
98,[deleted],1614330342,$BB is going back to the moon again,https://v.redd.it/ez60xaz9fsj61,1614330342.0,"{'author': '[deleted]', 'created_utc': 1614330342, 'title': '$BB is going back to the moon again', 'url': 'https://v.redd.it/ez60xaz9fsj61', 'created': 1614330342.0}",2021-02-26 09:05:42
99,Anxious_Vermicelli_3,1614330329,MVIS to the moon,https://www.reddit.com/r/wallstreetbets/comments/lstsv7/mvis_to_the_moon/,1614330329.0,"{'author': 'Anxious_Vermicelli_3', 'created_utc': 1614330329, 'title': 'MVIS to the moon', 'url': 'https://www.reddit.com/r/wallstreetbets/comments/lstsv7/mvis_to_the_moon/', 'created': 1614330329.0}",2021-02-26 09:05:29
