,author,created_utc,title,url,created,d_,created_utc_dt
0,Jcolepickard,1611797055,Hope I'm helping,https://www.reddit.com/r/wallstreetbets/comments/l6k9t0/hope_im_helping/,1611797055.0,"{'author': 'Jcolepickard', 'created_utc': 1611797055, 'title': ""Hope I'm helping"", 'url': 'https://www.reddit.com/r/wallstreetbets/comments/l6k9t0/hope_im_helping/', 'created': 1611797055.0}",2021-01-28 01:24:15
1,dwb_lurkin,1611797055,I know GME is low right now.....,https://www.reddit.com/r/wallstreetbets/comments/l6k9sy/i_know_gme_is_low_right_now/,1611797055.0,"{'author': 'dwb_lurkin', 'created_utc': 1611797055, 'title': 'I know GME is low right now.....', 'url': 'https://www.reddit.com/r/wallstreetbets/comments/l6k9sy/i_know_gme_is_low_right_now/', 'created': 1611797055.0}",2021-01-28 01:24:15
2,Mr-Popper,1611797054,Test test,https://www.reddit.com/r/wallstreetbets/comments/l6k9s9/test_test/,1611797054.0,"{'author': 'Mr-Popper', 'created_utc': 1611797054, 'title': 'Test test', 'url': 'https://www.reddit.com/r/wallstreetbets/comments/l6k9s9/test_test/', 'created': 1611797054.0}",2021-01-28 01:24:14
3,ivanbayoukhi,1611797053,AMC and NOK stock will 🚀,https://www.reddit.com/r/wallstreetbets/comments/l6k9rw/amc_and_nok_stock_will/,1611797053.0,"{'author': 'ivanbayoukhi', 'created_utc': 1611797053, 'title': 'AMC and NOK stock will 🚀', 'url': 'https://www.reddit.com/r/wallstreetbets/comments/l6k9rw/amc_and_nok_stock_will/', 'created': 1611797053.0}",2021-01-28 01:24:13
4,zorastafarian,1611797053,y’all have changed the world. long live the GameProletariat,https://i.redd.it/ev8he38n6zd61.jpg,1611797053.0,"{'author': 'zorastafarian', 'created_utc': 1611797053, 'title': 'y’all have changed the world. long live the GameProletariat', 'url': 'https://i.redd.it/ev8he38n6zd61.jpg', 'created': 1611797053.0}",2021-01-28 01:24:13
5,CPWL,1611797053,"WSB has done more to end student loan debt than any other lawmaker, president, or institution. 💎💎💎",https://www.reddit.com/r/wallstreetbets/comments/l6k9rr/wsb_has_done_more_to_end_student_loan_debt_than/,1611797053.0,"{'author': 'CPWL', 'created_utc': 1611797053, 'title': 'WSB has done more to end student loan debt than any other lawmaker, president, or institution. 💎💎💎', 'url': 'https://www.reddit.com/r/wallstreetbets/comments/l6k9rr/wsb_has_done_more_to_end_student_loan_debt_than/', 'created': 1611797053.0}",2021-01-28 01:24:13
6,Hanzo_osama,1611797053,Fuck it dumping my check into GME can’t stop now,https://www.reddit.com/r/wallstreetbets/comments/l6k9rq/fuck_it_dumping_my_check_into_gme_cant_stop_now/,1611797053.0,"{'author': 'Hanzo_osama', 'created_utc': 1611797053, 'title': 'Fuck it dumping my check into GME can’t stop now', 'url': 'https://www.reddit.com/r/wallstreetbets/comments/l6k9rq/fuck_it_dumping_my_check_into_gme_cant_stop_now/', 'created': 1611797053.0}",2021-01-28 01:24:13
7,GrassOrAss954,1611797052,LADIES AND GENTLEMEN...MAKE NO MISTAKE.,https://www.reddit.com/r/wallstreetbets/comments/l6k9rl/ladies_and_gentlemenmake_no_mistake/,1611797052.0,"{'author': 'GrassOrAss954', 'created_utc': 1611797052, 'title': 'LADIES AND GENTLEMEN...MAKE NO MISTAKE.', 'url': 'https://www.reddit.com/r/wallstreetbets/comments/l6k9rl/ladies_and_gentlemenmake_no_mistake/', 'created': 1611797052.0}",2021-01-28 01:24:12
8,[deleted],1611797052,Trading 212 are manipulating old and new investors.,https://www.reddit.com/r/wallstreetbets/comments/l6k9rc/trading_212_are_manipulating_old_and_new_investors/,1611797052.0,"{'author': '[deleted]', 'created_utc': 1611797052, 'title': 'Trading 212 are manipulating old and new investors.', 'url': 'https://www.reddit.com/r/wallstreetbets/comments/l6k9rc/trading_212_are_manipulating_old_and_new_investors/', 'created': 1611797052.0}",2021-01-28 01:24:12
9,gotwilk,1611797051,MY FELLOW REDDITORS: I see in your eyes the same fear that would take the heart of me. But it is not this day!! THIS DAY WE GO TO THE MOOOOON!!!,https://i.redd.it/x6ys086e5zd61.gif,1611797051.0,"{'author': 'gotwilk', 'created_utc': 1611797051, 'title': 'MY FELLOW REDDITORS: I see in your eyes the same fear that would take the heart of me. But it is not this day!! THIS DAY WE GO TO THE MOOOOON!!!', 'url': 'https://i.redd.it/x6ys086e5zd61.gif', 'created': 1611797051.0}",2021-01-28 01:24:11
10,seescandieslover,1611797051,So this guy is next,https://www.youtube.com/watch?v=iYqZfvcEXvU,1611797051.0,"{'author': 'seescandieslover', 'created_utc': 1611797051, 'title': 'So this guy is next', 'url': 'https://www.youtube.com/watch?v=iYqZfvcEXvU', 'created': 1611797051.0}",2021-01-28 01:24:11
11,DMVballers,1611797051,GAMESTOP NIO,https://www.reddit.com/r/wallstreetbets/comments/l6k9qz/gamestop_nio/,1611797051.0,"{'author': 'DMVballers', 'created_utc': 1611797051, 'title': 'GAMESTOP NIO', 'url': 'https://www.reddit.com/r/wallstreetbets/comments/l6k9qz/gamestop_nio/', 'created': 1611797051.0}",2021-01-28 01:24:11
12,badboyriri00,1611797051,Who has made the biggest gainz today 😎,https://www.reddit.com/r/wallstreetbets/comments/l6k9qv/who_has_made_the_biggest_gainz_today/,1611797051.0,"{'author': 'badboyriri00', 'created_utc': 1611797051, 'title': 'Who has made the biggest gainz today 😎', 'url': 'https://www.reddit.com/r/wallstreetbets/comments/l6k9qv/who_has_made_the_biggest_gainz_today/', 'created': 1611797051.0}",2021-01-28 01:24:11
13,BigHolyObject,1611797050,🚀🚀🚀 has become most used emoji $GME $BB $AMC hold the line!!!,https://i.redd.it/atpxxiwm6zd61.jpg,1611797050.0,"{'author': 'BigHolyObject', 'created_utc': 1611797050, 'title': '🚀🚀🚀 has become most used emoji $GME $BB $AMC hold the line!!!', 'url': 'https://i.redd.it/atpxxiwm6zd61.jpg', 'created': 1611797050.0}",2021-01-28 01:24:10
14,[deleted],1611797050,A reminder to myself about why I'm here right now,https://www.reddit.com/r/wallstreetbets/comments/l6k9qi/a_reminder_to_myself_about_why_im_here_right_now/,1611797050.0,"{'author': '[deleted]', 'created_utc': 1611797050, 'title': ""A reminder to myself about why I'm here right now"", 'url': 'https://www.reddit.com/r/wallstreetbets/comments/l6k9qi/a_reminder_to_myself_about_why_im_here_right_now/', 'created': 1611797050.0}",2021-01-28 01:24:10
15,Nothing-But-Lies,1611797050,My MRW when I stumble upon a person of maximal diamond handclampers posting about how they just bought GME,https://v.redd.it/xjhet9h96zd61,1611797050.0,"{'author': 'Nothing-But-Lies', 'created_utc': 1611797050, 'title': 'My MRW when I stumble upon a person of maximal diamond handclampers posting about how they just bought GME', 'url': 'https://v.redd.it/xjhet9h96zd61', 'created': 1611797050.0}",2021-01-28 01:24:10
16,I_Launder_Shekels,1611797049,To the SEC intern reading this...,https://www.reddit.com/r/wallstreetbets/comments/l6k9pz/to_the_sec_intern_reading_this/,1611797049.0,"{'author': 'I_Launder_Shekels', 'created_utc': 1611797049, 'title': 'To the SEC intern reading this...', 'url': 'https://www.reddit.com/r/wallstreetbets/comments/l6k9pz/to_the_sec_intern_reading_this/', 'created': 1611797049.0}",2021-01-28 01:24:09
17,XxX_dankify_xXx,1611797048,Holding GME from Australia TO THE FUCKING STRATOSPHERE 🚀🚀🚀🚀,https://i.redd.it/hwkmdygm6zd61.png,1611797048.0,"{'author': 'XxX_dankify_xXx', 'created_utc': 1611797048, 'title': 'Holding GME from Australia TO THE FUCKING STRATOSPHERE 🚀🚀🚀🚀', 'url': 'https://i.redd.it/hwkmdygm6zd61.png', 'created': 1611797048.0}",2021-01-28 01:24:08
18,latlonghero,1611797048,Im so fucking happy this sub is back up. All i do I scroll up and down for thr dank of the dank DDs. 💎 ✋ 🚀 🚀,https://www.reddit.com/r/wallstreetbets/comments/l6k9pi/im_so_fucking_happy_this_sub_is_back_up_all_i_do/,1611797048.0,"{'author': 'latlonghero', 'created_utc': 1611797048, 'title': 'Im so fucking happy this sub is back up. All i do I scroll up and down for thr dank of the dank DDs. 💎 ✋ 🚀 🚀', 'url': 'https://www.reddit.com/r/wallstreetbets/comments/l6k9pi/im_so_fucking_happy_this_sub_is_back_up_all_i_do/', 'created': 1611797048.0}",2021-01-28 01:24:08
19,tstevens80,1611797046,🚀🚀🚀,https://i.redd.it/ro68f9dm6zd61.jpg,1611797046.0,"{'author': 'tstevens80', 'created_utc': 1611797046, 'title': '🚀🚀🚀', 'url': 'https://i.redd.it/ro68f9dm6zd61.jpg', 'created': 1611797046.0}",2021-01-28 01:24:06
20,MrBaconators,1611797046,NOK AMC ABNB APPL FB 📈📈📈📈📈📈📈🚀🚀🚀🚀🚀🚀🚀,https://www.reddit.com/r/wallstreetbets/comments/l6k9ol/nok_amc_abnb_appl_fb/,1611797046.0,"{'author': 'MrBaconators', 'created_utc': 1611797046, 'title': 'NOK AMC ABNB APPL FB 📈📈📈📈📈📈📈🚀🚀🚀🚀🚀🚀🚀', 'url': 'https://www.reddit.com/r/wallstreetbets/comments/l6k9ol/nok_amc_abnb_appl_fb/', 'created': 1611797046.0}",2021-01-28 01:24:06
21,dksaucy,1611797045,TOMORROW WE TAKE BACK WHATS OURS,https://www.reddit.com/r/wallstreetbets/comments/l6k9o7/tomorrow_we_take_back_whats_ours/,1611797045.0,"{'author': 'dksaucy', 'created_utc': 1611797045, 'title': 'TOMORROW WE TAKE BACK WHATS OURS', 'url': 'https://www.reddit.com/r/wallstreetbets/comments/l6k9o7/tomorrow_we_take_back_whats_ours/', 'created': 1611797045.0}",2021-01-28 01:24:05
22,bossboy9999,1611797045,HOLD AMC. HEDGEFUND GOOFS USING AFTERMARKET TO DRIVE IT DOWN. ITS TIME TO STRAP ON TO UR ROCKET SEATBELTS,https://www.reddit.com/r/wallstreetbets/comments/l6k9o6/hold_amc_hedgefund_goofs_using_aftermarket_to/,1611797045.0,"{'author': 'bossboy9999', 'created_utc': 1611797045, 'title': 'HOLD AMC. HEDGEFUND GOOFS USING AFTERMARKET TO DRIVE IT DOWN. ITS TIME TO STRAP ON TO UR ROCKET SEATBELTS', 'url': 'https://www.reddit.com/r/wallstreetbets/comments/l6k9o6/hold_amc_hedgefund_goofs_using_aftermarket_to/', 'created': 1611797045.0}",2021-01-28 01:24:05
23,[deleted],1611797044,"Cineplex, Tech Cominco or WildBrain LTD anyone?",https://www.reddit.com/r/wallstreetbets/comments/l6k9nx/cineplex_tech_cominco_or_wildbrain_ltd_anyone/,1611797044.0,"{'author': '[deleted]', 'created_utc': 1611797044, 'title': 'Cineplex, Tech Cominco or WildBrain LTD anyone?', 'url': 'https://www.reddit.com/r/wallstreetbets/comments/l6k9nx/cineplex_tech_cominco_or_wildbrain_ltd_anyone/', 'created': 1611797044.0}",2021-01-28 01:24:04
24,lookshee,1611797044,"This is how you 💎🖐️ (still holding my 2100 shares through the aftermarket discount) MMs can pry them from my cold, dead fists!",https://i.redd.it/wqp6yayg6zd61.jpg,1611797044.0,"{'author': 'lookshee', 'created_utc': 1611797044, 'title': 'This is how you 💎🖐️ (still holding my 2100 shares through the aftermarket discount) MMs can pry them from my cold, dead fists!', 'url': 'https://i.redd.it/wqp6yayg6zd61.jpg', 'created': 1611797044.0}",2021-01-28 01:24:04
25,ZB128,1611797044,Boys how do I join this from the UK,https://www.reddit.com/r/wallstreetbets/comments/l6k9nm/boys_how_do_i_join_this_from_the_uk/,1611797044.0,"{'author': 'ZB128', 'created_utc': 1611797044, 'title': 'Boys how do I join this from the UK', 'url': 'https://www.reddit.com/r/wallstreetbets/comments/l6k9nm/boys_how_do_i_join_this_from_the_uk/', 'created': 1611797044.0}",2021-01-28 01:24:04
26,Equivalent_Station_1,1611797043,So who is looking towards NOK next!?...,https://www.reddit.com/r/wallstreetbets/comments/l6k9n8/so_who_is_looking_towards_nok_next/,1611797043.0,"{'author': 'Equivalent_Station_1', 'created_utc': 1611797043, 'title': 'So who is looking towards NOK next!?...', 'url': 'https://www.reddit.com/r/wallstreetbets/comments/l6k9n8/so_who_is_looking_towards_nok_next/', 'created': 1611797043.0}",2021-01-28 01:24:03
27,PtahandSuns,1611797042,👀👀👀,https://i.redd.it/l3f1ye0m6zd61.jpg,1611797042.0,"{'author': 'PtahandSuns', 'created_utc': 1611797042, 'title': '👀👀👀', 'url': 'https://i.redd.it/l3f1ye0m6zd61.jpg', 'created': 1611797042.0}",2021-01-28 01:24:02
28,PopOutrageous6039,1611797041,What happens to this group when they realize the crypto market doesnt sleep ever... And they realize we can all get filthy rich by pumping XRP to $100+ ??? Bueller?,https://www.reddit.com/r/wallstreetbets/comments/l6k9mm/what_happens_to_this_group_when_they_realize_the/,1611797041.0,"{'author': 'PopOutrageous6039', 'created_utc': 1611797041, 'title': 'What happens to this group when they realize the crypto market doesnt sleep ever... And they realize we can all get filthy rich by pumping XRP to $100+ ??? Bueller?', 'url': 'https://www.reddit.com/r/wallstreetbets/comments/l6k9mm/what_happens_to_this_group_when_they_realize_the/', 'created': 1611797041.0}",2021-01-28 01:24:01
29,shit_post_city,1611797039,bloodthirsty peasants,https://i.redd.it/ncs083i36zd61.png,1611797039.0,"{'author': 'shit_post_city', 'created_utc': 1611797039, 'title': 'bloodthirsty peasants', 'url': 'https://i.redd.it/ncs083i36zd61.png', 'created': 1611797039.0}",2021-01-28 01:23:59
30,SlickMagician69,1611797039,I can’t wait to tell my kids one day how we took down the shorts with a Reddit account!! HOLD THE LINE!,https://www.reddit.com/r/wallstreetbets/comments/l6k9ld/i_cant_wait_to_tell_my_kids_one_day_how_we_took/,1611797039.0,"{'author': 'SlickMagician69', 'created_utc': 1611797039, 'title': 'I can’t wait to tell my kids one day how we took down the shorts with a Reddit account!! HOLD THE LINE!', 'url': 'https://www.reddit.com/r/wallstreetbets/comments/l6k9ld/i_cant_wait_to_tell_my_kids_one_day_how_we_took/', 'created': 1611797039.0}",2021-01-28 01:23:59
31,happy_hat_1,1611797039,Move to new Discord competitor (Guilded)?,https://www.reddit.com/r/wallstreetbets/comments/l6k9l6/move_to_new_discord_competitor_guilded/,1611797039.0,"{'author': 'happy_hat_1', 'created_utc': 1611797039, 'title': 'Move to new Discord competitor (Guilded)?', 'url': 'https://www.reddit.com/r/wallstreetbets/comments/l6k9l6/move_to_new_discord_competitor_guilded/', 'created': 1611797039.0}",2021-01-28 01:23:59
32,gokH23,1611797038,Virgin Galactic Holdings,https://www.reddit.com/r/wallstreetbets/comments/l6k9ku/virgin_galactic_holdings/,1611797038.0,"{'author': 'gokH23', 'created_utc': 1611797038, 'title': 'Virgin Galactic Holdings', 'url': 'https://www.reddit.com/r/wallstreetbets/comments/l6k9ku/virgin_galactic_holdings/', 'created': 1611797038.0}",2021-01-28 01:23:58
33,kmacdizzle,1611797038,Why does every post say removed when I click on it? Mad confused,https://www.reddit.com/r/wallstreetbets/comments/l6k9ks/why_does_every_post_say_removed_when_i_click_on/,1611797038.0,"{'author': 'kmacdizzle', 'created_utc': 1611797038, 'title': 'Why does every post say removed when I click on it? Mad confused', 'url': 'https://www.reddit.com/r/wallstreetbets/comments/l6k9ks/why_does_every_post_say_removed_when_i_click_on/', 'created': 1611797038.0}",2021-01-28 01:23:58
34,Lilbass99,1611797037,It’s not much but it’s what I have.,https://i.redd.it/1umqhikl6zd61.jpg,1611797037.0,"{'author': 'Lilbass99', 'created_utc': 1611797037, 'title': 'It’s not much but it’s what I have.', 'url': 'https://i.redd.it/1umqhikl6zd61.jpg', 'created': 1611797037.0}",2021-01-28 01:23:57
35,Wearssox,1611797037,Wall Street double standard,https://i.redd.it/c7uwa5il6zd61.jpg,1611797037.0,"{'author': 'Wearssox', 'created_utc': 1611797037, 'title': 'Wall Street double standard', 'url': 'https://i.redd.it/c7uwa5il6zd61.jpg', 'created': 1611797037.0}",2021-01-28 01:23:57
36,theRealMelvinCapital,1611797036,What should Melvin Capital short now?,https://www.reddit.com/r/wallstreetbets/comments/l6k9jx/what_should_melvin_capital_short_now/,1611797036.0,"{'author': 'theRealMelvinCapital', 'created_utc': 1611797036, 'title': 'What should Melvin Capital short now?', 'url': 'https://www.reddit.com/r/wallstreetbets/comments/l6k9jx/what_should_melvin_capital_short_now/', 'created': 1611797036.0}",2021-01-28 01:23:56
37,Bnkguy,1611797036,AmC,https://www.reddit.com/r/wallstreetbets/comments/l6k9ju/amc/,1611797036.0,"{'author': 'Bnkguy', 'created_utc': 1611797036, 'title': 'AmC', 'url': 'https://www.reddit.com/r/wallstreetbets/comments/l6k9ju/amc/', 'created': 1611797036.0}",2021-01-28 01:23:56
38,[deleted],1611797035,Enjoy the 🍞 lines,https://i.redd.it/gbgvqmif6zd61.png,1611797035.0,"{'author': '[deleted]', 'created_utc': 1611797035, 'title': 'Enjoy the 🍞 lines', 'url': 'https://i.redd.it/gbgvqmif6zd61.png', 'created': 1611797035.0}",2021-01-28 01:23:55
39,RedTy08,1611797035,I wanna go to the moon,https://www.reddit.com/r/wallstreetbets/comments/l6k9jn/i_wanna_go_to_the_moon/,1611797035.0,"{'author': 'RedTy08', 'created_utc': 1611797035, 'title': 'I wanna go to the moon', 'url': 'https://www.reddit.com/r/wallstreetbets/comments/l6k9jn/i_wanna_go_to_the_moon/', 'created': 1611797035.0}",2021-01-28 01:23:55
40,Key_Teaching_519,1611797034,Serious gratitude to our MODS.,https://www.reddit.com/r/wallstreetbets/comments/l6k9j7/serious_gratitude_to_our_mods/,1611797034.0,"{'author': 'Key_Teaching_519', 'created_utc': 1611797034, 'title': 'Serious gratitude to our MODS.', 'url': 'https://www.reddit.com/r/wallstreetbets/comments/l6k9j7/serious_gratitude_to_our_mods/', 'created': 1611797034.0}",2021-01-28 01:23:54
41,redux022,1611797034,Aye M C next to pamp 🚀🚀,https://i.redd.it/np54j17l6zd61.jpg,1611797034.0,"{'author': 'redux022', 'created_utc': 1611797034, 'title': 'Aye M C next to pamp 🚀🚀', 'url': 'https://i.redd.it/np54j17l6zd61.jpg', 'created': 1611797034.0}",2021-01-28 01:23:54
42,[deleted],1611797032,"My HONEST PERSONAL views/predictions on GME, BB, NOK, AMC. Would like to have a civil discussion here. If you think I'm wrong I'd love to know the reasoning!",https://www.reddit.com/r/wallstreetbets/comments/l6k9i7/my_honest_personal_viewspredictions_on_gme_bb_nok/,1611797032.0,"{'author': '[deleted]', 'created_utc': 1611797032, 'title': ""My HONEST PERSONAL views/predictions on GME, BB, NOK, AMC. Would like to have a civil discussion here. If you think I'm wrong I'd love to know the reasoning!"", 'url': 'https://www.reddit.com/r/wallstreetbets/comments/l6k9i7/my_honest_personal_viewspredictions_on_gme_bb_nok/', 'created': 1611797032.0}",2021-01-28 01:23:52
43,Mike-333,1611797031,"Да вы заебали, качните фарму лучше.",https://www.reddit.com/r/wallstreetbets/comments/l6k9hv/да_вы_заебали_качните_фарму_лучше/,1611797031.0,"{'author': 'Mike-333', 'created_utc': 1611797031, 'title': 'Да вы заебали, качните фарму лучше.', 'url': 'https://www.reddit.com/r/wallstreetbets/comments/l6k9hv/да_вы_заебали_качните_фарму_лучше/', 'created': 1611797031.0}",2021-01-28 01:23:51
44,semajessej,1611797031,When the squeeze has squoze...,https://www.reddit.com/r/wallstreetbets/comments/l6k9hu/when_the_squeeze_has_squoze/,1611797031.0,"{'author': 'semajessej', 'created_utc': 1611797031, 'title': 'When the squeeze has squoze...', 'url': 'https://www.reddit.com/r/wallstreetbets/comments/l6k9hu/when_the_squeeze_has_squoze/', 'created': 1611797031.0}",2021-01-28 01:23:51
45,[deleted],1611797031,YOU CAN’T STOP US 🚀🚀🚀,https://youtu.be/r9CHgHKZLN8,1611797031.0,"{'author': '[deleted]', 'created_utc': 1611797031, 'title': 'YOU CAN’T STOP US 🚀🚀🚀', 'url': 'https://youtu.be/r9CHgHKZLN8', 'created': 1611797031.0}",2021-01-28 01:23:51
46,GtAdams24,1611797030,If you are in the uk I’m using +500 and have for years 🌙 🚀,https://www.reddit.com/gallery/l6k9hg,1611797030.0,"{'author': 'GtAdams24', 'created_utc': 1611797030, 'title': 'If you are in the uk I’m using +500 and have for years 🌙 🚀', 'url': 'https://www.reddit.com/gallery/l6k9hg', 'created': 1611797030.0}",2021-01-28 01:23:50
47,drewdevault,1611797030,Software freedom activst here with your handy guide on not being censored by corporate fuckwits,https://www.reddit.com/r/wallstreetbets/comments/l6k9hd/software_freedom_activst_here_with_your_handy/,1611797030.0,"{'author': 'drewdevault', 'created_utc': 1611797030, 'title': 'Software freedom activst here with your handy guide on not being censored by corporate fuckwits', 'url': 'https://www.reddit.com/r/wallstreetbets/comments/l6k9hd/software_freedom_activst_here_with_your_handy/', 'created': 1611797030.0}",2021-01-28 01:23:50
48,papabraybray,1611797028,Hold you degenerate,https://www.reddit.com/r/wallstreetbets/comments/l6k9gu/hold_you_degenerate/,1611797028.0,"{'author': 'papabraybray', 'created_utc': 1611797028, 'title': 'Hold you degenerate', 'url': 'https://www.reddit.com/r/wallstreetbets/comments/l6k9gu/hold_you_degenerate/', 'created': 1611797028.0}",2021-01-28 01:23:48
49,sawsuvcawss,1611797028,TO THE MOON POST WHAT GME IS DOING FOR YOU LET THEM KNOW ITS OUR TURN,https://i.redd.it/hb7a5zbc6zd61.png,1611797028.0,"{'author': 'sawsuvcawss', 'created_utc': 1611797028, 'title': 'TO THE MOON POST WHAT GME IS DOING FOR YOU LET THEM KNOW ITS OUR TURN', 'url': 'https://i.redd.it/hb7a5zbc6zd61.png', 'created': 1611797028.0}",2021-01-28 01:23:48
50,Zealousideal-Key2308,1611797027,NOK TO THE MOON let’s do it,https://www.reddit.com/r/wallstreetbets/comments/l6k9gj/nok_to_the_moon_lets_do_it/,1611797027.0,"{'author': 'Zealousideal-Key2308', 'created_utc': 1611797027, 'title': 'NOK TO THE MOON let’s do it', 'url': 'https://www.reddit.com/r/wallstreetbets/comments/l6k9gj/nok_to_the_moon_lets_do_it/', 'created': 1611797027.0}",2021-01-28 01:23:47
51,AskinggAlesana,1611797027,"Ive never seen so much Karma and awards passed around, the community banning together, making stonks..Thank you all for this amazing experience no matter what happens! TO THE MOON GME!",https://www.reddit.com/r/wallstreetbets/comments/l6k9gh/ive_never_seen_so_much_karma_and_awards_passed/,1611797027.0,"{'author': 'AskinggAlesana', 'created_utc': 1611797027, 'title': 'Ive never seen so much Karma and awards passed around, the community banning together, making stonks..Thank you all for this amazing experience no matter what happens! TO THE MOON GME!', 'url': 'https://www.reddit.com/r/wallstreetbets/comments/l6k9gh/ive_never_seen_so_much_karma_and_awards_passed/', 'created': 1611797027.0}",2021-01-28 01:23:47
52,SwayDaRey,1611797027,The response to were we go from here,https://www.reddit.com/r/wallstreetbets/comments/l6k9gf/the_response_to_were_we_go_from_here/,1611797027.0,"{'author': 'SwayDaRey', 'created_utc': 1611797027, 'title': 'The response to were we go from here', 'url': 'https://www.reddit.com/r/wallstreetbets/comments/l6k9gf/the_response_to_were_we_go_from_here/', 'created': 1611797027.0}",2021-01-28 01:23:47
53,PopeJohnAutistX,1611797027,"YOUR POPE IS IN THE BUILDING. Here to bless this revolution in the name of our lord and savior GME, and his prophet DFV",https://www.reddit.com/r/wallstreetbets/comments/l6k9g6/your_pope_is_in_the_building_here_to_bless_this/,1611797027.0,"{'author': 'PopeJohnAutistX', 'created_utc': 1611797027, 'title': 'YOUR POPE IS IN THE BUILDING. Here to bless this revolution in the name of our lord and savior GME, and his prophet DFV', 'url': 'https://www.reddit.com/r/wallstreetbets/comments/l6k9g6/your_pope_is_in_the_building_here_to_bless_this/', 'created': 1611797027.0}",2021-01-28 01:23:47
54,cookiejarr1306,1611797026,"When the U.S. Government, Discord, and some of the richest men try to get us mad lads to exit our positions",https://i.redd.it/99aqszdh6zd61.gif,1611797026.0,"{'author': 'cookiejarr1306', 'created_utc': 1611797026, 'title': 'When the U.S. Government, Discord, and some of the richest men try to get us mad lads to exit our positions', 'url': 'https://i.redd.it/99aqszdh6zd61.gif', 'created': 1611797026.0}",2021-01-28 01:23:46
55,ComprehensiveAd630,1611797026,If we 🚀🚀 Bitcoin does that mean we beat the final boss???,https://i.redd.it/xxvitvbk6zd61.jpg,1611797026.0,"{'author': 'ComprehensiveAd630', 'created_utc': 1611797026, 'title': 'If we 🚀🚀 Bitcoin does that mean we beat the final boss???', 'url': 'https://i.redd.it/xxvitvbk6zd61.jpg', 'created': 1611797026.0}",2021-01-28 01:23:46
56,Jwschmo,1611797025,Robinhood,https://www.reddit.com/r/wallstreetbets/comments/l6k9fe/robinhood/,1611797025.0,"{'author': 'Jwschmo', 'created_utc': 1611797025, 'title': 'Robinhood', 'url': 'https://www.reddit.com/r/wallstreetbets/comments/l6k9fe/robinhood/', 'created': 1611797025.0}",2021-01-28 01:23:45
57,Tawtis,1611797025,US WHEN EVERYONES HOLDS GME,https://i.redd.it/0xrwx68k6zd61.jpg,1611797025.0,"{'author': 'Tawtis', 'created_utc': 1611797025, 'title': 'US WHEN EVERYONES HOLDS GME', 'url': 'https://i.redd.it/0xrwx68k6zd61.jpg', 'created': 1611797025.0}",2021-01-28 01:23:45
58,MickeyBaig,1611797024,"For the jokes. (And slight profit) But I’m HODLing GME, AMC, BB, NOK. Let’s goooo",https://vm.tiktok.com/ZMJE7rVnC/,1611797024.0,"{'author': 'MickeyBaig', 'created_utc': 1611797024, 'title': 'For the jokes. (And slight profit) But I’m HODLing GME, AMC, BB, NOK. Let’s goooo', 'url': 'https://vm.tiktok.com/ZMJE7rVnC/', 'created': 1611797024.0}",2021-01-28 01:23:44
59,levi0000000000,1611797022,SNDL and AMC thoughts?,https://www.reddit.com/r/wallstreetbets/comments/l6k9e9/sndl_and_amc_thoughts/,1611797022.0,"{'author': 'levi0000000000', 'created_utc': 1611797022, 'title': 'SNDL and AMC thoughts?', 'url': 'https://www.reddit.com/r/wallstreetbets/comments/l6k9e9/sndl_and_amc_thoughts/', 'created': 1611797022.0}",2021-01-28 01:23:42
60,Far-Insurance-9892,1611797022,What about Nio and Xpeng??,https://www.reddit.com/r/wallstreetbets/comments/l6k9e1/what_about_nio_and_xpeng/,1611797022.0,"{'author': 'Far-Insurance-9892', 'created_utc': 1611797022, 'title': 'What about Nio and Xpeng??', 'url': 'https://www.reddit.com/r/wallstreetbets/comments/l6k9e1/what_about_nio_and_xpeng/', 'created': 1611797022.0}",2021-01-28 01:23:42
61,Weaze09,1611797022,$FNMA,https://www.reddit.com/r/wallstreetbets/comments/l6k9dy/fnma/,1611797022.0,"{'author': 'Weaze09', 'created_utc': 1611797022, 'title': '$FNMA', 'url': 'https://www.reddit.com/r/wallstreetbets/comments/l6k9dy/fnma/', 'created': 1611797022.0}",2021-01-28 01:23:42
62,[deleted],1611797022,Remembering the Greats,https://www.reddit.com/r/wallstreetbets/comments/l6k9dw/remembering_the_greats/,1611797022.0,"{'author': '[deleted]', 'created_utc': 1611797022, 'title': 'Remembering the Greats', 'url': 'https://www.reddit.com/r/wallstreetbets/comments/l6k9dw/remembering_the_greats/', 'created': 1611797022.0}",2021-01-28 01:23:42
63,rmrd26,1611797018,Welcome to WSB- the new age fight club!,https://www.reddit.com/r/wallstreetbets/comments/l6k9cd/welcome_to_wsb_the_new_age_fight_club/,1611797018.0,"{'author': 'rmrd26', 'created_utc': 1611797018, 'title': 'Welcome to WSB- the new age fight club!', 'url': 'https://www.reddit.com/r/wallstreetbets/comments/l6k9cd/welcome_to_wsb_the_new_age_fight_club/', 'created': 1611797018.0}",2021-01-28 01:23:38
64,[deleted],1611797018,"FUCK THESE LIMP DICKS AT MELVIN I still have a house, car, gf and asshole to sell before I’m fully leveraged. GME, BB, NOK 🚀🚀🚀🚀🚀🚀",https://www.reddit.com/r/wallstreetbets/comments/l6k9c8/fuck_these_limp_dicks_at_melvin_i_still_have_a/,1611797018.0,"{'author': '[deleted]', 'created_utc': 1611797018, 'title': 'FUCK THESE LIMP DICKS AT MELVIN I still have a house, car, gf and asshole to sell before I’m fully leveraged. GME, BB, NOK 🚀🚀🚀🚀🚀🚀', 'url': 'https://www.reddit.com/r/wallstreetbets/comments/l6k9c8/fuck_these_limp_dicks_at_melvin_i_still_have_a/', 'created': 1611797018.0}",2021-01-28 01:23:38
65,Spicynanner,1611797018,Me explaining the GME squeeze to normies,https://i.redd.it/necrr1ej6zd61.jpg,1611797018.0,"{'author': 'Spicynanner', 'created_utc': 1611797018, 'title': 'Me explaining the GME squeeze to normies', 'url': 'https://i.redd.it/necrr1ej6zd61.jpg', 'created': 1611797018.0}",2021-01-28 01:23:38
66,Complete_Ad_4835,1611797017,This is a movement !! I want to join. What stocks should I buy?,https://www.reddit.com/r/wallstreetbets/comments/l6k9c0/this_is_a_movement_i_want_to_join_what_stocks/,1611797017.0,"{'author': 'Complete_Ad_4835', 'created_utc': 1611797017, 'title': 'This is a movement !! I want to join. What stocks should I buy?', 'url': 'https://www.reddit.com/r/wallstreetbets/comments/l6k9c0/this_is_a_movement_i_want_to_join_what_stocks/', 'created': 1611797017.0}",2021-01-28 01:23:37
67,DisliasIoannis,1611797017,"Very easy to move the moon now is : RIG ,TOPS ,MNTK.",https://www.reddit.com/r/wallstreetbets/comments/l6k9bw/very_easy_to_move_the_moon_now_is_rig_tops_mntk/,1611797017.0,"{'author': 'DisliasIoannis', 'created_utc': 1611797017, 'title': 'Very easy to move the moon now is : RIG ,TOPS ,MNTK.', 'url': 'https://www.reddit.com/r/wallstreetbets/comments/l6k9bw/very_easy_to_move_the_moon_now_is_rig_tops_mntk/', 'created': 1611797017.0}",2021-01-28 01:23:37
68,MercedesCLS,1611797016,thanks god you are back,https://www.reddit.com/r/wallstreetbets/comments/l6k9bd/thanks_god_you_are_back/,1611797016.0,"{'author': 'MercedesCLS', 'created_utc': 1611797016, 'title': 'thanks god you are back', 'url': 'https://www.reddit.com/r/wallstreetbets/comments/l6k9bd/thanks_god_you_are_back/', 'created': 1611797016.0}",2021-01-28 01:23:36
69,Thunder_Flush,1611797015,FCC.V,https://www.reddit.com/r/wallstreetbets/comments/l6k9b2/fccv/,1611797015.0,"{'author': 'Thunder_Flush', 'created_utc': 1611797015, 'title': 'FCC.V', 'url': 'https://www.reddit.com/r/wallstreetbets/comments/l6k9b2/fccv/', 'created': 1611797015.0}",2021-01-28 01:23:35
70,andrealo578,1611797014,Help,https://www.reddit.com/r/wallstreetbets/comments/l6k9a5/help/,1611797014.0,"{'author': 'andrealo578', 'created_utc': 1611797014, 'title': 'Help', 'url': 'https://www.reddit.com/r/wallstreetbets/comments/l6k9a5/help/', 'created': 1611797014.0}",2021-01-28 01:23:34
71,Yellow_sausage69,1611797012,Should I buy GameStop shares?,https://www.reddit.com/r/wallstreetbets/comments/l6k99a/should_i_buy_gamestop_shares/,1611797012.0,"{'author': 'Yellow_sausage69', 'created_utc': 1611797012, 'title': 'Should I buy GameStop shares?', 'url': 'https://www.reddit.com/r/wallstreetbets/comments/l6k99a/should_i_buy_gamestop_shares/', 'created': 1611797012.0}",2021-01-28 01:23:32
72,DeviousThread,1611797012,"If you find Yourself in Green Fields, with Tendies in yo hands.... Do not be troubled!!!",https://i.redd.it/n2b79ffg6zd61.png,1611797012.0,"{'author': 'DeviousThread', 'created_utc': 1611797012, 'title': 'If you find Yourself in Green Fields, with Tendies in yo hands.... Do not be troubled!!!', 'url': 'https://i.redd.it/n2b79ffg6zd61.png', 'created': 1611797012.0}",2021-01-28 01:23:32
73,[deleted],1611797011,Fuck Adena Friedman,https://www.reddit.com/r/wallstreetbets/comments/l6k98u/fuck_adena_friedman/,1611797011.0,"{'author': '[deleted]', 'created_utc': 1611797011, 'title': 'Fuck Adena Friedman', 'url': 'https://www.reddit.com/r/wallstreetbets/comments/l6k98u/fuck_adena_friedman/', 'created': 1611797011.0}",2021-01-28 01:23:31
74,MasterpieceCommon596,1611797011,Discord is back,https://www.reddit.com/r/wallstreetbets/comments/l6k98s/discord_is_back/,1611797011.0,"{'author': 'MasterpieceCommon596', 'created_utc': 1611797011, 'title': 'Discord is back', 'url': 'https://www.reddit.com/r/wallstreetbets/comments/l6k98s/discord_is_back/', 'created': 1611797011.0}",2021-01-28 01:23:31
75,[deleted],1611797009,"2 days ago, I posted a $2.5MM LOSS and encouraged you all to 💎🙌 with me. Since then, I have taken some profits to secure my future. The remaining $22.5MM remains until the squeeze is squoze. 🚀🚀🚀",https://i.redd.it/m3nagnji6zd61.jpg,1611797009.0,"{'author': '[deleted]', 'created_utc': 1611797009, 'title': '2 days ago, I posted a $2.5MM LOSS and encouraged you all to 💎🙌 with me. Since then, I have taken some profits to secure my future. The remaining $22.5MM remains until the squeeze is squoze. 🚀🚀🚀', 'url': 'https://i.redd.it/m3nagnji6zd61.jpg', 'created': 1611797009.0}",2021-01-28 01:23:29
76,OtherProfit8718,1611797008,NOT A DRILL,https://www.reddit.com/r/wallstreetbets/comments/l6k974/not_a_drill/,1611797008.0,"{'author': 'OtherProfit8718', 'created_utc': 1611797008, 'title': 'NOT A DRILL', 'url': 'https://www.reddit.com/r/wallstreetbets/comments/l6k974/not_a_drill/', 'created': 1611797008.0}",2021-01-28 01:23:28
77,Fluffy_Individual360,1611797008,"$100,000 on GME this week, gonna buy all dips tomorrow and hope for the best Friday!",https://i.redd.it/qp9lifq96zd61.jpg,1611797008.0,"{'author': 'Fluffy_Individual360', 'created_utc': 1611797008, 'title': '$100,000 on GME this week, gonna buy all dips tomorrow and hope for the best Friday!', 'url': 'https://i.redd.it/qp9lifq96zd61.jpg', 'created': 1611797008.0}",2021-01-28 01:23:28
78,Covid-me-please,1611797007,We Should Thank The Mods For Saving WSB,https://www.reddit.com/r/wallstreetbets/comments/l6k971/we_should_thank_the_mods_for_saving_wsb/,1611797007.0,"{'author': 'Covid-me-please', 'created_utc': 1611797007, 'title': 'We Should Thank The Mods For Saving WSB', 'url': 'https://www.reddit.com/r/wallstreetbets/comments/l6k971/we_should_thank_the_mods_for_saving_wsb/', 'created': 1611797007.0}",2021-01-28 01:23:27
79,Eddewho,1611797007,Why the after-hours drop is actually good for us: a theory,https://www.reddit.com/r/wallstreetbets/comments/l6k96x/why_the_afterhours_drop_is_actually_good_for_us_a/,1611797007.0,"{'author': 'Eddewho', 'created_utc': 1611797007, 'title': 'Why the after-hours drop is actually good for us: a theory', 'url': 'https://www.reddit.com/r/wallstreetbets/comments/l6k96x/why_the_afterhours_drop_is_actually_good_for_us_a/', 'created': 1611797007.0}",2021-01-28 01:23:27
80,Tijoinn12,1611797006,Facebook group instead,https://www.reddit.com/r/wallstreetbets/comments/l6k96n/facebook_group_instead/,1611797006.0,"{'author': 'Tijoinn12', 'created_utc': 1611797006, 'title': 'Facebook group instead', 'url': 'https://www.reddit.com/r/wallstreetbets/comments/l6k96n/facebook_group_instead/', 'created': 1611797006.0}",2021-01-28 01:23:26
81,SulkingDeath,1611797006,Can’t add money on Robinhood,https://www.reddit.com/r/wallstreetbets/comments/l6k969/cant_add_money_on_robinhood/,1611797006.0,"{'author': 'SulkingDeath', 'created_utc': 1611797006, 'title': 'Can’t add money on Robinhood', 'url': 'https://www.reddit.com/r/wallstreetbets/comments/l6k969/cant_add_money_on_robinhood/', 'created': 1611797006.0}",2021-01-28 01:23:26
82,[deleted],1611797006,New technical analysis of BB. A classic smile and hold signal.,https://i.redd.it/jmescf5i6zd61.jpg,1611797006.0,"{'author': '[deleted]', 'created_utc': 1611797006, 'title': 'New technical analysis of BB. A classic smile and hold signal.', 'url': 'https://i.redd.it/jmescf5i6zd61.jpg', 'created': 1611797006.0}",2021-01-28 01:23:26
83,[deleted],1611797004,"Malvin after seeing the subreddit wasnt banned, the party isnt over boyz",https://i.redd.it/tqszugyh6zd61.jpg,1611797004.0,"{'author': '[deleted]', 'created_utc': 1611797004, 'title': 'Malvin after seeing the subreddit wasnt banned, the party isnt over boyz', 'url': 'https://i.redd.it/tqszugyh6zd61.jpg', 'created': 1611797004.0}",2021-01-28 01:23:24
84,thetiml,1611797003,New (Temporary) WSB Discord,https://www.reddit.com/r/wallstreetbets/comments/l6k950/new_temporary_wsb_discord/,1611797003.0,"{'author': 'thetiml', 'created_utc': 1611797003, 'title': 'New (Temporary) WSB Discord', 'url': 'https://www.reddit.com/r/wallstreetbets/comments/l6k950/new_temporary_wsb_discord/', 'created': 1611797003.0}",2021-01-28 01:23:23
85,Outkillerx123,1611797003,Bunch of boomers raging right now. 🤣🤣 RETARDS FTW!,https://i.redd.it/tfwqqbvh6zd61.jpg,1611797003.0,"{'author': 'Outkillerx123', 'created_utc': 1611797003, 'title': 'Bunch of boomers raging right now. 🤣🤣 RETARDS FTW!', 'url': 'https://i.redd.it/tfwqqbvh6zd61.jpg', 'created': 1611797003.0}",2021-01-28 01:23:23
86,ApprehensiveAd2216,1611797002,UWMC $2B net income $10/share,https://www.reddit.com/r/wallstreetbets/comments/l6k94k/uwmc_2b_net_income_10share/,1611797002.0,"{'author': 'ApprehensiveAd2216', 'created_utc': 1611797002, 'title': 'UWMC $2B net income $10/share', 'url': 'https://www.reddit.com/r/wallstreetbets/comments/l6k94k/uwmc_2b_net_income_10share/', 'created': 1611797002.0}",2021-01-28 01:23:22
87,Nothing-Mundane,1611796999,Having server issues on Robinhood? You're not alone,https://www.reddit.com/r/wallstreetbets/comments/l6k92t/having_server_issues_on_robinhood_youre_not_alone/,1611796999.0,"{'author': 'Nothing-Mundane', 'created_utc': 1611796999, 'title': ""Having server issues on Robinhood? You're not alone"", 'url': 'https://www.reddit.com/r/wallstreetbets/comments/l6k92t/having_server_issues_on_robinhood_youre_not_alone/', 'created': 1611796999.0}",2021-01-28 01:23:19
88,stevelarrison,1611796999,Thanks everyone,https://www.reddit.com/r/wallstreetbets/comments/l6k92r/thanks_everyone/,1611796999.0,"{'author': 'stevelarrison', 'created_utc': 1611796999, 'title': 'Thanks everyone', 'url': 'https://www.reddit.com/r/wallstreetbets/comments/l6k92r/thanks_everyone/', 'created': 1611796999.0}",2021-01-28 01:23:19
89,[deleted],1611796999,get fucked losers --------------------------------------------------------,https://i.redd.it/5q6gkwqg6zd61.jpg,1611796999.0,"{'author': '[deleted]', 'created_utc': 1611796999, 'title': 'get fucked losers --------------------------------------------------------', 'url': 'https://i.redd.it/5q6gkwqg6zd61.jpg', 'created': 1611796999.0}",2021-01-28 01:23:19
90,johntwit,1611796999,"The Next Melvin? Maplelane Loses 33% On Shorts This Month, Steve Cohen Down 15%",https://www.zerohedge.com/markets/next-melvin-maplelane-loses-33-shorts-month-steve-cohen-down-15,1611796999.0,"{'author': 'johntwit', 'created_utc': 1611796999, 'title': 'The Next Melvin? Maplelane Loses 33% On Shorts This Month, Steve Cohen Down 15%', 'url': 'https://www.zerohedge.com/markets/next-melvin-maplelane-loses-33-shorts-month-steve-cohen-down-15', 'created': 1611796999.0}",2021-01-28 01:23:19
91,DesperateForDD,1611796999,How can we pay tips to mods? Should they set up an OnlyFans account??,https://www.reddit.com/r/wallstreetbets/comments/l6k92l/how_can_we_pay_tips_to_mods_should_they_set_up_an/,1611796999.0,"{'author': 'DesperateForDD', 'created_utc': 1611796999, 'title': 'How can we pay tips to mods? Should they set up an OnlyFans account??', 'url': 'https://www.reddit.com/r/wallstreetbets/comments/l6k92l/how_can_we_pay_tips_to_mods_should_they_set_up_an/', 'created': 1611796999.0}",2021-01-28 01:23:19
92,Michal-1,1611796996,What to do now?,https://www.reddit.com/r/wallstreetbets/comments/l6k91i/what_to_do_now/,1611796996.0,"{'author': 'Michal-1', 'created_utc': 1611796996, 'title': 'What to do now?', 'url': 'https://www.reddit.com/r/wallstreetbets/comments/l6k91i/what_to_do_now/', 'created': 1611796996.0}",2021-01-28 01:23:16
93,Prior-Asparagus8027,1611796996,SO WE HOLD OUT UNTIL 5K?,https://www.reddit.com/r/wallstreetbets/comments/l6k917/so_we_hold_out_until_5k/,1611796996.0,"{'author': 'Prior-Asparagus8027', 'created_utc': 1611796996, 'title': 'SO WE HOLD OUT UNTIL 5K?', 'url': 'https://www.reddit.com/r/wallstreetbets/comments/l6k917/so_we_hold_out_until_5k/', 'created': 1611796996.0}",2021-01-28 01:23:16
94,Affectionate_Wolf247,1611796994,New here. I got $2200. What should I do? LETS GO!!!!!,https://www.reddit.com/r/wallstreetbets/comments/l6k90m/new_here_i_got_2200_what_should_i_do_lets_go/,1611796994.0,"{'author': 'Affectionate_Wolf247', 'created_utc': 1611796994, 'title': 'New here. I got $2200. What should I do? LETS GO!!!!!', 'url': 'https://www.reddit.com/r/wallstreetbets/comments/l6k90m/new_here_i_got_2200_what_should_i_do_lets_go/', 'created': 1611796994.0}",2021-01-28 01:23:14
95,LoadedJunkyard,1611796993,Elon has our backs. This man is rooting for us. This is the way. We are making history.,https://i.redd.it/g3a4fssg6zd61.jpg,1611796993.0,"{'author': 'LoadedJunkyard', 'created_utc': 1611796993, 'title': 'Elon has our backs. This man is rooting for us. This is the way. We are making history.', 'url': 'https://i.redd.it/g3a4fssg6zd61.jpg', 'created': 1611796993.0}",2021-01-28 01:23:13
96,[deleted],1611796991,Selling my moms car. Will accept GME and AMC stocks,https://www.reddit.com/r/wallstreetbets/comments/l6k8yw/selling_my_moms_car_will_accept_gme_and_amc_stocks/,1611796991.0,"{'author': '[deleted]', 'created_utc': 1611796991, 'title': 'Selling my moms car. Will accept GME and AMC stocks', 'url': 'https://www.reddit.com/r/wallstreetbets/comments/l6k8yw/selling_my_moms_car_will_accept_gme_and_amc_stocks/', 'created': 1611796991.0}",2021-01-28 01:23:11
97,redditor3000,1611796991,THE WHOLE WORLD IS WATCHING,https://i.redd.it/a8wr0asd6zd61.png,1611796991.0,"{'author': 'redditor3000', 'created_utc': 1611796991, 'title': 'THE WHOLE WORLD IS WATCHING', 'url': 'https://i.redd.it/a8wr0asd6zd61.png', 'created': 1611796991.0}",2021-01-28 01:23:11
98,LiberLilith,1611796991,PSA: GME Shorts don't HAVE to close their positions this Friday,https://www.reddit.com/r/wallstreetbets/comments/l6k8ym/psa_gme_shorts_dont_have_to_close_their_positions/,1611796991.0,"{'author': 'LiberLilith', 'created_utc': 1611796991, 'title': ""PSA: GME Shorts don't HAVE to close their positions this Friday"", 'url': 'https://www.reddit.com/r/wallstreetbets/comments/l6k8ym/psa_gme_shorts_dont_have_to_close_their_positions/', 'created': 1611796991.0}",2021-01-28 01:23:11
99,riphunter92,1611796991,Revived le dormant trading acc,https://www.reddit.com/r/wallstreetbets/comments/l6k8yk/revived_le_dormant_trading_acc/,1611796991.0,"{'author': 'riphunter92', 'created_utc': 1611796991, 'title': 'Revived le dormant trading acc', 'url': 'https://www.reddit.com/r/wallstreetbets/comments/l6k8yk/revived_le_dormant_trading_acc/', 'created': 1611796991.0}",2021-01-28 01:23:11
