,author,created_utc,title,url,created,d_,created_utc_dt
0,tg9963_2016,1595304898,"Interesting day! TSLA, AMZN, MSFT ✌️",https://i.redd.it/9y1jjx20z4c51.jpg,1595304898.0,"{'author': 'tg9963_2016', 'created_utc': 1595304898, 'title': 'Interesting day! TSLA, AMZN, MSFT ✌️', 'url': 'https://i.redd.it/9y1jjx20z4c51.jpg', 'created': 1595304898.0}",2020-07-21 04:14:58
1,wtdang,1595304895,amzn calls,https://i.redd.it/do434stzy4c51.jpg,1595304895.0,"{'author': 'wtdang', 'created_utc': 1595304895, 'title': 'amzn calls', 'url': 'https://i.redd.it/do434stzy4c51.jpg', 'created': 1595304895.0}",2020-07-21 04:14:55
2,jakeandcupcakes,1595304885,On the end of mortage/rent suspension and the end of Trumpbux.,https://www.reddit.com/r/wallstreetbets/comments/hv0o2c/on_the_end_of_mortagerent_suspension_and_the_end/,1595304885.0,"{'author': 'jakeandcupcakes', 'created_utc': 1595304885, 'title': 'On the end of mortage/rent suspension and the end of Trumpbux.', 'url': 'https://www.reddit.com/r/wallstreetbets/comments/hv0o2c/on_the_end_of_mortagerent_suspension_and_the_end/', 'created': 1595304885.0}",2020-07-21 04:14:45
3,[deleted],1595304760,AZN to the moon!!,https://i.redd.it/bn1qtt7ly4c51.jpg,1595304760.0,"{'author': '[deleted]', 'created_utc': 1595304760, 'title': 'AZN to the moon!!', 'url': 'https://i.redd.it/bn1qtt7ly4c51.jpg', 'created': 1595304760.0}",2020-07-21 04:12:40
4,[deleted],1595304664,CALLS on VIX??,https://i.redd.it/rlluuy1by4c51.jpg,1595304664.0,"{'author': '[deleted]', 'created_utc': 1595304664, 'title': 'CALLS on VIX??', 'url': 'https://i.redd.it/rlluuy1by4c51.jpg', 'created': 1595304664.0}",2020-07-21 04:11:04
5,[deleted],1595304592,Complete noob question about UCO,https://www.reddit.com/r/wallstreetbets/comments/hv0lth/complete_noob_question_about_uco/,1595304592.0,"{'author': '[deleted]', 'created_utc': 1595304592, 'title': 'Complete noob question about UCO', 'url': 'https://www.reddit.com/r/wallstreetbets/comments/hv0lth/complete_noob_question_about_uco/', 'created': 1595304592.0}",2020-07-21 04:09:52
6,[deleted],1595304527,maybe you can get a bailout,https://i.redd.it/h97620ewx4c51.jpg,1595304527.0,"{'author': '[deleted]', 'created_utc': 1595304527, 'title': 'maybe you can get a bailout', 'url': 'https://i.redd.it/h97620ewx4c51.jpg', 'created': 1595304527.0}",2020-07-21 04:08:47
7,[deleted],1595304303,Remember when Chuckie Finster was making money moves at just 2 years old?,https://www.youtube.com/watch?v=vfqeKsR6N8I,1595304303.0,"{'author': '[deleted]', 'created_utc': 1595304303, 'title': 'Remember when Chuckie Finster was making money moves at just 2 years old?', 'url': 'https://www.youtube.com/watch?v=vfqeKsR6N8I', 'created': 1595304303.0}",2020-07-21 04:05:03
8,WannabeStonks69,1595304283,CTAS Earnings play,https://www.reddit.com/r/wallstreetbets/comments/hv0j87/ctas_earnings_play/,1595304283.0,"{'author': 'WannabeStonks69', 'created_utc': 1595304283, 'title': 'CTAS Earnings play', 'url': 'https://www.reddit.com/r/wallstreetbets/comments/hv0j87/ctas_earnings_play/', 'created': 1595304283.0}",2020-07-21 04:04:43
9,[deleted],1595304267,How to: Diamond Hands,https://v.redd.it/rqhdelo2x4c51,1595304267.0,"{'author': '[deleted]', 'created_utc': 1595304267, 'title': 'How to: Diamond Hands', 'url': 'https://v.redd.it/rqhdelo2x4c51', 'created': 1595304267.0}",2020-07-21 04:04:27
10,serg3213,1595304173,Help turning 3k into more,https://www.reddit.com/r/wallstreetbets/comments/hv0icv/help_turning_3k_into_more/,1595304173.0,"{'author': 'serg3213', 'created_utc': 1595304173, 'title': 'Help turning 3k into more', 'url': 'https://www.reddit.com/r/wallstreetbets/comments/hv0icv/help_turning_3k_into_more/', 'created': 1595304173.0}",2020-07-21 04:02:53
11,ohnoflux,1595304068,Victorious day bulls.,https://www.reddit.com/r/wallstreetbets/comments/hv0hh4/victorious_day_bulls/,1595304068.0,"{'author': 'ohnoflux', 'created_utc': 1595304068, 'title': 'Victorious day bulls.', 'url': 'https://www.reddit.com/r/wallstreetbets/comments/hv0hh4/victorious_day_bulls/', 'created': 1595304068.0}",2020-07-21 04:01:08
12,FlourArea,1595304045,"Part of the Robinhood calls legal agreement, they apparently don't discriminate against catgirls.",https://i.redd.it/nzezoptgw4c51.jpg,1595304045.0,"{'author': 'FlourArea', 'created_utc': 1595304045, 'title': ""Part of the Robinhood calls legal agreement, they apparently don't discriminate against catgirls."", 'url': 'https://i.redd.it/nzezoptgw4c51.jpg', 'created': 1595304045.0}",2020-07-21 04:00:45
13,Ellusiion,1595303835,Appreciate it Jeffrey,https://i.redd.it/bjjxei2tv4c51.jpg,1595303835.0,"{'author': 'Ellusiion', 'created_utc': 1595303835, 'title': 'Appreciate it Jeffrey', 'url': 'https://i.redd.it/bjjxei2tv4c51.jpg', 'created': 1595303835.0}",2020-07-21 03:57:15
14,methodtan,1595303592,BOT Request that bans newbs who ask stupid questions and don't use Enter/Return,https://www.reddit.com/r/wallstreetbets/comments/hv0dho/bot_request_that_bans_newbs_who_ask_stupid/,1595303592.0,"{'author': 'methodtan', 'created_utc': 1595303592, 'title': ""BOT Request that bans newbs who ask stupid questions and don't use Enter/Return"", 'url': 'https://www.reddit.com/r/wallstreetbets/comments/hv0dho/bot_request_that_bans_newbs_who_ask_stupid/', 'created': 1595303592.0}",2020-07-21 03:53:12
15,Spare-Airline,1595303560,Poor man's gold,https://www.reddit.com/r/wallstreetbets/comments/hv0d7j/poor_mans_gold/,1595303560.0,"{'author': 'Spare-Airline', 'created_utc': 1595303560, 'title': ""Poor man's gold"", 'url': 'https://www.reddit.com/r/wallstreetbets/comments/hv0d7j/poor_mans_gold/', 'created': 1595303560.0}",2020-07-21 03:52:40
16,Particular-Wedding,1595303268,Update: SEC Comment Letters to the 13F Rule Changes,https://www.reddit.com/r/wallstreetbets/comments/hv0auf/update_sec_comment_letters_to_the_13f_rule_changes/,1595303268.0,"{'author': 'Particular-Wedding', 'created_utc': 1595303268, 'title': 'Update: SEC Comment Letters to the 13F Rule Changes', 'url': 'https://www.reddit.com/r/wallstreetbets/comments/hv0auf/update_sec_comment_letters_to_the_13f_rule_changes/', 'created': 1595303268.0}",2020-07-21 03:47:48
17,Spare-Airline,1595302958,Poor man's gold,https://www.reddit.com/r/wallstreetbets/comments/hv08an/poor_mans_gold/,1595302958.0,"{'author': 'Spare-Airline', 'created_utc': 1595302958, 'title': ""Poor man's gold"", 'url': 'https://www.reddit.com/r/wallstreetbets/comments/hv08an/poor_mans_gold/', 'created': 1595302958.0}",2020-07-21 03:42:38
18,Walk-Livid,1595302767,TSLA to the MOON,https://www.reddit.com/r/wallstreetbets/comments/hv06pp/tsla_to_the_moon/,1595302767.0,"{'author': 'Walk-Livid', 'created_utc': 1595302767, 'title': 'TSLA to the MOON', 'url': 'https://www.reddit.com/r/wallstreetbets/comments/hv06pp/tsla_to_the_moon/', 'created': 1595302767.0}",2020-07-21 03:39:27
19,ThisWillPass,1595302297,It happening? Dam stuff.,https://www.reddit.com/r/wallstreetbets/comments/hv02oj/it_happening_dam_stuff/,1595302297.0,"{'author': 'ThisWillPass', 'created_utc': 1595302297, 'title': 'It happening? Dam stuff.', 'url': 'https://www.reddit.com/r/wallstreetbets/comments/hv02oj/it_happening_dam_stuff/', 'created': 1595302297.0}",2020-07-21 03:31:37
20,ilikemypizza,1595302060,I am an autist and should follow my own advice,https://i.redd.it/s4fys5zjq4c51.png,1595302060.0,"{'author': 'ilikemypizza', 'created_utc': 1595302060, 'title': 'I am an autist and should follow my own advice', 'url': 'https://i.redd.it/s4fys5zjq4c51.png', 'created': 1595302060.0}",2020-07-21 03:27:40
21,noideawsb,1595301834,Anyone buying 10/16 TSLA calls yet,https://www.reddit.com/r/wallstreetbets/comments/huzypr/anyone_buying_1016_tsla_calls_yet/,1595301834.0,"{'author': 'noideawsb', 'created_utc': 1595301834, 'title': 'Anyone buying 10/16 TSLA calls yet', 'url': 'https://www.reddit.com/r/wallstreetbets/comments/huzypr/anyone_buying_1016_tsla_calls_yet/', 'created': 1595301834.0}",2020-07-21 03:23:54
22,LFG530,1595301565,What's the most efficient way to short papa Elon without more than -100% downside?,https://www.reddit.com/r/wallstreetbets/comments/huzwew/whats_the_most_efficient_way_to_short_papa_elon/,1595301565.0,"{'author': 'LFG530', 'created_utc': 1595301565, 'title': ""What's the most efficient way to short papa Elon without more than -100% downside?"", 'url': 'https://www.reddit.com/r/wallstreetbets/comments/huzwew/whats_the_most_efficient_way_to_short_papa_elon/', 'created': 1595301565.0}",2020-07-21 03:19:25
23,MrFoobarMan,1595301556,Job interview tmr morning and all I can think about is options,https://www.reddit.com/r/wallstreetbets/comments/huzwbr/job_interview_tmr_morning_and_all_i_can_think/,1595301556.0,"{'author': 'MrFoobarMan', 'created_utc': 1595301556, 'title': 'Job interview tmr morning and all I can think about is options', 'url': 'https://www.reddit.com/r/wallstreetbets/comments/huzwbr/job_interview_tmr_morning_and_all_i_can_think/', 'created': 1595301556.0}",2020-07-21 03:19:16
24,MoarTarriffs,1595301534,bull gang always wins.....,https://i.redd.it/02j6j23so4c51.png,1595301534.0,"{'author': 'MoarTarriffs', 'created_utc': 1595301534, 'title': 'bull gang always wins.....', 'url': 'https://i.redd.it/02j6j23so4c51.png', 'created': 1595301534.0}",2020-07-21 03:18:54
25,[deleted],1595301459,Best way to yolo $10k?,https://www.reddit.com/r/wallstreetbets/comments/huzvj6/best_way_to_yolo_10k/,1595301459.0,"{'author': '[deleted]', 'created_utc': 1595301459, 'title': 'Best way to yolo $10k?', 'url': 'https://www.reddit.com/r/wallstreetbets/comments/huzvj6/best_way_to_yolo_10k/', 'created': 1595301459.0}",2020-07-21 03:17:39
26,Cardboard22,1595301358,AI Dungeon knows stonks,https://i.redd.it/r9un3vs7o4c51.png,1595301358.0,"{'author': 'Cardboard22', 'created_utc': 1595301358, 'title': 'AI Dungeon knows stonks', 'url': 'https://i.redd.it/r9un3vs7o4c51.png', 'created': 1595301358.0}",2020-07-21 03:15:58
27,[deleted],1595301316,Best way to yolo $15k?,https://www.reddit.com/r/wallstreetbets/comments/huzuca/best_way_to_yolo_15k/,1595301316.0,"{'author': '[deleted]', 'created_utc': 1595301316, 'title': 'Best way to yolo $15k?', 'url': 'https://www.reddit.com/r/wallstreetbets/comments/huzuca/best_way_to_yolo_15k/', 'created': 1595301316.0}",2020-07-21 03:15:16
28,[deleted],1595301131,GPT3 knows how to invest.,https://www.reddit.com/r/wallstreetbets/comments/huzsph/gpt3_knows_how_to_invest/,1595301131.0,"{'author': '[deleted]', 'created_utc': 1595301131, 'title': 'GPT3 knows how to invest.', 'url': 'https://www.reddit.com/r/wallstreetbets/comments/huzsph/gpt3_knows_how_to_invest/', 'created': 1595301131.0}",2020-07-21 03:12:11
29,[deleted],1595301106,bulls always win,https://i.redd.it/ap6qpiqon4c51.png,1595301106.0,"{'author': '[deleted]', 'created_utc': 1595301106, 'title': 'bulls always win', 'url': 'https://i.redd.it/ap6qpiqon4c51.png', 'created': 1595301106.0}",2020-07-21 03:11:46
30,trendystockz,1595301049,Reducing The Risk Of Black Swans,https://www.bullswaves.com/2020/07/reducing-risk-of-black-swans-few-notes.html,1595301049.0,"{'author': 'trendystockz', 'created_utc': 1595301049, 'title': 'Reducing The Risk Of Black Swans', 'url': 'https://www.bullswaves.com/2020/07/reducing-risk-of-black-swans-few-notes.html', 'created': 1595301049.0}",2020-07-21 03:10:49
31,TheArcticBoss,1595301002,Sore bunghole from TSLA FDs but too broke to buy further out? Try ARKK ETF,https://www.reddit.com/r/wallstreetbets/comments/huzri9/sore_bunghole_from_tsla_fds_but_too_broke_to_buy/,1595301002.0,"{'author': 'TheArcticBoss', 'created_utc': 1595301002, 'title': 'Sore bunghole from TSLA FDs but too broke to buy further out? Try ARKK ETF', 'url': 'https://www.reddit.com/r/wallstreetbets/comments/huzri9/sore_bunghole_from_tsla_fds_but_too_broke_to_buy/', 'created': 1595301002.0}",2020-07-21 03:10:02
32,NicholasBlacksmith,1595300996,I was blind but now I see,https://www.reddit.com/r/wallstreetbets/comments/huzrgh/i_was_blind_but_now_i_see/,1595300996.0,"{'author': 'NicholasBlacksmith', 'created_utc': 1595300996, 'title': 'I was blind but now I see', 'url': 'https://www.reddit.com/r/wallstreetbets/comments/huzrgh/i_was_blind_but_now_i_see/', 'created': 1595300996.0}",2020-07-21 03:09:56
33,Adios_numero_two,1595300967,Someone in my city is calling for a revolution. And it’s working.,https://i.imgur.com/CidxqJ4.jpg,1595300967.0,"{'author': 'Adios_numero_two', 'created_utc': 1595300967, 'title': 'Someone in my city is calling for a revolution. And it’s working.', 'url': 'https://i.imgur.com/CidxqJ4.jpg', 'created': 1595300967.0}",2020-07-21 03:09:27
34,[deleted],1595300890,bulls always win,https://i.redd.it/md4a9k3ym4c51.png,1595300890.0,"{'author': '[deleted]', 'created_utc': 1595300890, 'title': 'bulls always win', 'url': 'https://i.redd.it/md4a9k3ym4c51.png', 'created': 1595300890.0}",2020-07-21 03:08:10
35,Zyan1980,1595300630,YOLO’d my account into TNXP for 50% gains today,https://www.reddit.com/gallery/huzo89,1595300630.0,"{'author': 'Zyan1980', 'created_utc': 1595300630, 'title': 'YOLO’d my account into TNXP for 50% gains today', 'url': 'https://www.reddit.com/gallery/huzo89', 'created': 1595300630.0}",2020-07-21 03:03:50
36,Sena10,1595300581,How we feeling tomorrow autists,https://www.reddit.com/r/wallstreetbets/comments/huznt6/how_we_feeling_tomorrow_autists/,1595300581.0,"{'author': 'Sena10', 'created_utc': 1595300581, 'title': 'How we feeling tomorrow autists', 'url': 'https://www.reddit.com/r/wallstreetbets/comments/huznt6/how_we_feeling_tomorrow_autists/', 'created': 1595300581.0}",2020-07-21 03:03:01
37,Trowawaycausebanned4,1595300492,Did anybody else notice that NVDA is at 420?,https://i.redd.it/v92ay4hwl4c51.jpg,1595300492.0,"{'author': 'Trowawaycausebanned4', 'created_utc': 1595300492, 'title': 'Did anybody else notice that NVDA is at 420?', 'url': 'https://i.redd.it/v92ay4hwl4c51.jpg', 'created': 1595300492.0}",2020-07-21 03:01:32
38,dhsmatt2,1595299985,"An Open GUH Letter to the MEG, the real Mattress King - Protect my Tenders",https://www.reddit.com/r/wallstreetbets/comments/huzioh/an_open_guh_letter_to_the_meg_the_real_mattress/,1595299985.0,"{'author': 'dhsmatt2', 'created_utc': 1595299985, 'title': 'An Open GUH Letter to the MEG, the real Mattress King - Protect my Tenders', 'url': 'https://www.reddit.com/r/wallstreetbets/comments/huzioh/an_open_guh_letter_to_the_meg_the_real_mattress/', 'created': 1595299985.0}",2020-07-21 02:53:05
39,Lootra,1595299576,Puts on my hopes and dreams,https://m.imgur.com/gallery/CSQ14QV,1595299576.0,"{'author': 'Lootra', 'created_utc': 1595299576, 'title': 'Puts on my hopes and dreams', 'url': 'https://m.imgur.com/gallery/CSQ14QV', 'created': 1595299576.0}",2020-07-21 02:46:16
40,TP26,1595299429,Help! I can‘t keep tendies off my mind,https://www.reddit.com/r/wallstreetbets/comments/huzdri/help_i_cant_keep_tendies_off_my_mind/,1595299429.0,"{'author': 'TP26', 'created_utc': 1595299429, 'title': 'Help! I can‘t keep tendies off my mind', 'url': 'https://www.reddit.com/r/wallstreetbets/comments/huzdri/help_i_cant_keep_tendies_off_my_mind/', 'created': 1595299429.0}",2020-07-21 02:43:49
41,Stink_Finger_U,1595299422,Everybody wants guns and ammo.,https://www.reddit.com/r/wallstreetbets/comments/huzdpe/everybody_wants_guns_and_ammo/,1595299422.0,"{'author': 'Stink_Finger_U', 'created_utc': 1595299422, 'title': 'Everybody wants guns and ammo.', 'url': 'https://www.reddit.com/r/wallstreetbets/comments/huzdpe/everybody_wants_guns_and_ammo/', 'created': 1595299422.0}",2020-07-21 02:43:42
42,yamomsass,1595299387,What a flex on the poors,https://finance.yahoo.com/news/combined-market-value-korean-stocks-001108413.html,1595299387.0,"{'author': 'yamomsass', 'created_utc': 1595299387, 'title': 'What a flex on the poors', 'url': 'https://finance.yahoo.com/news/combined-market-value-korean-stocks-001108413.html', 'created': 1595299387.0}",2020-07-21 02:43:07
43,InVideo_,1595299175,Robinhood is making millions off your trailing stop orders (data n stuff),https://www.reddit.com/r/wallstreetbets/comments/huzbhb/robinhood_is_making_millions_off_your_trailing/,1595299175.0,"{'author': 'InVideo_', 'created_utc': 1595299175, 'title': 'Robinhood is making millions off your trailing stop orders (data n stuff)', 'url': 'https://www.reddit.com/r/wallstreetbets/comments/huzbhb/robinhood_is_making_millions_off_your_trailing/', 'created': 1595299175.0}",2020-07-21 02:39:35
44,WAARCITY,1595298848,How your 🏳️‍🌈🐻 friends feel after not YOLOing their lifesavings on TSLA with you last week.,https://v.redd.it/o0t3zzlnf4c51,1595298848.0,"{'author': 'WAARCITY', 'created_utc': 1595298848, 'title': 'How your 🏳️\u200d🌈🐻 friends feel after not YOLOing their lifesavings on TSLA with you last week.', 'url': 'https://v.redd.it/o0t3zzlnf4c51', 'created': 1595298848.0}",2020-07-21 02:34:08
45,picumurse,1595298782,I work for one of the top ten Healthcare providers in US. Today I was laid off with thousands of others with a super generous severance package...,https://www.reddit.com/r/wallstreetbets/comments/huz82b/i_work_for_one_of_the_top_ten_healthcare/,1595298782.0,"{'author': 'picumurse', 'created_utc': 1595298782, 'title': 'I work for one of the top ten Healthcare providers in US. Today I was laid off with thousands of others with a super generous severance package...', 'url': 'https://www.reddit.com/r/wallstreetbets/comments/huz82b/i_work_for_one_of_the_top_ten_healthcare/', 'created': 1595298782.0}",2020-07-21 02:33:02
46,SourceCodeSeller,1595298058,I have 1 cent to all in. I will choose the top comment in 24 hours. Choose Wisely,https://www.reddit.com/r/wallstreetbets/comments/huz1nc/i_have_1_cent_to_all_in_i_will_choose_the_top/,1595298058.0,"{'author': 'SourceCodeSeller', 'created_utc': 1595298058, 'title': 'I have 1 cent to all in. I will choose the top comment in 24 hours. Choose Wisely', 'url': 'https://www.reddit.com/r/wallstreetbets/comments/huz1nc/i_have_1_cent_to_all_in_i_will_choose_the_top/', 'created': 1595298058.0}",2020-07-21 02:20:58
47,Diet_Goomy,1595298014,"NBEV. Listen guys, if you are wanting tendies... well....",https://www.reddit.com/r/wallstreetbets/comments/huz19e/nbev_listen_guys_if_you_are_wanting_tendies_well/,1595298014.0,"{'author': 'Diet_Goomy', 'created_utc': 1595298014, 'title': 'NBEV. Listen guys, if you are wanting tendies... well....', 'url': 'https://www.reddit.com/r/wallstreetbets/comments/huz19e/nbev_listen_guys_if_you_are_wanting_tendies_well/', 'created': 1595298014.0}",2020-07-21 02:20:14
48,stkprft,1595297957,Tm traverAround,https://www.reddit.com/r/wallstreetbets/comments/huz0rf/tm_traveraround/,1595297957.0,"{'author': 'stkprft', 'created_utc': 1595297957, 'title': 'Tm traverAround', 'url': 'https://www.reddit.com/r/wallstreetbets/comments/huz0rf/tm_traveraround/', 'created': 1595297957.0}",2020-07-21 02:19:17
49,[deleted],1595297832,Thank u daddy Bezos,https://i.redd.it/jb5zavvyd4c51.jpg,1595297832.0,"{'author': '[deleted]', 'created_utc': 1595297832, 'title': 'Thank u daddy Bezos', 'url': 'https://i.redd.it/jb5zavvyd4c51.jpg', 'created': 1595297832.0}",2020-07-21 02:17:12
50,Wanttohelpandbehelp,1595297804,"I started trading calls in may and this is the result, message me for help.",https://www.reddit.com/gallery/huyzhj,1595297804.0,"{'author': 'Wanttohelpandbehelp', 'created_utc': 1595297804, 'title': 'I started trading calls in may and this is the result, message me for help.', 'url': 'https://www.reddit.com/gallery/huyzhj', 'created': 1595297804.0}",2020-07-21 02:16:44
51,alekim813,1595297774,Stock drops over 20% and your Puts still lose money. NKLA screwed,https://i.redd.it/hrjuaoetd4c51.png,1595297774.0,"{'author': 'alekim813', 'created_utc': 1595297774, 'title': 'Stock drops over 20% and your Puts still lose money. NKLA screwed', 'url': 'https://i.redd.it/hrjuaoetd4c51.png', 'created': 1595297774.0}",2020-07-21 02:16:14
52,leoeln,1595297768,AZN calls were not the move :(,https://i.redd.it/rkjwreusd4c51.jpg,1595297768.0,"{'author': 'leoeln', 'created_utc': 1595297768, 'title': 'AZN calls were not the move :(', 'url': 'https://i.redd.it/rkjwreusd4c51.jpg', 'created': 1595297768.0}",2020-07-21 02:16:08
53,Wanttohelpandbehelp,1595297417,My calls not trying to brag just hope this helps someone I have been doing calls since may and have made a substantial amoubt of wealth and would like to spread the options I did hoping someone will make the wealth I have,https://www.reddit.com/gallery/huyw08,1595297417.0,"{'author': 'Wanttohelpandbehelp', 'created_utc': 1595297417, 'title': 'My calls not trying to brag just hope this helps someone I have been doing calls since may and have made a substantial amoubt of wealth and would like to spread the options I did hoping someone will make the wealth I have', 'url': 'https://www.reddit.com/gallery/huyw08', 'created': 1595297417.0}",2020-07-21 02:10:17
54,YungProdigy02,1595297289,Lets go Spy hit $400 Eow fuck you gay bears 🌈🐻💵💵💵 I will name my first son S&amp;P 500,https://i.redd.it/6v2f1skdc4c51.jpg,1595297289.0,"{'author': 'YungProdigy02', 'created_utc': 1595297289, 'title': 'Lets go Spy hit $400 Eow fuck you gay bears 🌈🐻💵💵💵 I will name my first son S&amp;P 500', 'url': 'https://i.redd.it/6v2f1skdc4c51.jpg', 'created': 1595297289.0}",2020-07-21 02:08:09
55,[deleted],1595297246,Loss! no longer stay this world!,https://v.redd.it/azjw7yttb4c51,1595297246.0,"{'author': '[deleted]', 'created_utc': 1595297246, 'title': 'Loss! no longer stay this world!', 'url': 'https://v.redd.it/azjw7yttb4c51', 'created': 1595297246.0}",2020-07-21 02:07:26
56,youngnebsi,1595297141,When your stop loss triggers 10 second before the market goes green and you end up on a loss,https://i.redd.it/nl3fcqpxb4c51.jpg,1595297141.0,"{'author': 'youngnebsi', 'created_utc': 1595297141, 'title': 'When your stop loss triggers 10 second before the market goes green and you end up on a loss', 'url': 'https://i.redd.it/nl3fcqpxb4c51.jpg', 'created': 1595297141.0}",2020-07-21 02:05:41
57,Silentbobstoys,1595297132,"Johnson and Johnson and Merck dont have vaccines. It's $AZN, $PFE or $MRNA",https://www.reddit.com/r/wallstreetbets/comments/huytel/johnson_and_johnson_and_merck_dont_have_vaccines/,1595297132.0,"{'author': 'Silentbobstoys', 'created_utc': 1595297132, 'title': ""Johnson and Johnson and Merck dont have vaccines. It's $AZN, $PFE or $MRNA"", 'url': 'https://www.reddit.com/r/wallstreetbets/comments/huytel/johnson_and_johnson_and_merck_dont_have_vaccines/', 'created': 1595297132.0}",2020-07-21 02:05:32
58,SJizz,1595297113,Found a mask for you 🏳️‍🌈🐻,https://www.cgrsportswear.com.au/product/cgr-face-mask-gay-pride-bear/,1595297113.0,"{'author': 'SJizz', 'created_utc': 1595297113, 'title': 'Found a mask for you 🏳️\u200d🌈🐻', 'url': 'https://www.cgrsportswear.com.au/product/cgr-face-mask-gay-pride-bear/', 'created': 1595297113.0}",2020-07-21 02:05:13
59,[deleted],1595296792,Time traver_around,https://www.reddit.com/r/wallstreetbets/comments/huyqa3/time_traver_around/,1595296792.0,"{'author': '[deleted]', 'created_utc': 1595296792, 'title': 'Time traver_around', 'url': 'https://www.reddit.com/r/wallstreetbets/comments/huyqa3/time_traver_around/', 'created': 1595296792.0}",2020-07-21 01:59:52
60,perkses,1595296733,Nope. No tech bubble here. Everythings is exactly as it should be!,https://i.redd.it/1esk5xupa4c51.jpg,1595296733.0,"{'author': 'perkses', 'created_utc': 1595296733, 'title': 'Nope. No tech bubble here. Everythings is exactly as it should be!', 'url': 'https://i.redd.it/1esk5xupa4c51.jpg', 'created': 1595296733.0}",2020-07-21 01:58:53
61,[deleted],1595296577,"I Am The Market, I Am Legion",https://www.reddit.com/r/wallstreetbets/comments/huyocz/i_am_the_market_i_am_legion/,1595296577.0,"{'author': '[deleted]', 'created_utc': 1595296577, 'title': 'I Am The Market, I Am Legion', 'url': 'https://www.reddit.com/r/wallstreetbets/comments/huyocz/i_am_the_market_i_am_legion/', 'created': 1595296577.0}",2020-07-21 01:56:17
62,spoonhtml,1595296069,Gain porn that's actually loss porn too.,https://i.redd.it/oa79gwwq84c51.jpg,1595296069.0,"{'author': 'spoonhtml', 'created_utc': 1595296069, 'title': ""Gain porn that's actually loss porn too."", 'url': 'https://i.redd.it/oa79gwwq84c51.jpg', 'created': 1595296069.0}",2020-07-21 01:47:49
63,aaronma85,1595295786,Vroom,https://www.reddit.com/r/wallstreetbets/comments/huyhck/vroom/,1595295786.0,"{'author': 'aaronma85', 'created_utc': 1595295786, 'title': 'Vroom', 'url': 'https://www.reddit.com/r/wallstreetbets/comments/huyhck/vroom/', 'created': 1595295786.0}",2020-07-21 01:43:06
64,[deleted],1595295681,"I Am The Market, I Am Legion",https://www.reddit.com/r/wallstreetbets/comments/huygdm/i_am_the_market_i_am_legion/,1595295681.0,"{'author': '[deleted]', 'created_utc': 1595295681, 'title': 'I Am The Market, I Am Legion', 'url': 'https://www.reddit.com/r/wallstreetbets/comments/huygdm/i_am_the_market_i_am_legion/', 'created': 1595295681.0}",2020-07-21 01:41:21
65,kewlkid95,1595295603,My Tesla Puts,https://i.redd.it/gt69u01d74c51.jpg,1595295603.0,"{'author': 'kewlkid95', 'created_utc': 1595295603, 'title': 'My Tesla Puts', 'url': 'https://i.redd.it/gt69u01d74c51.jpg', 'created': 1595295603.0}",2020-07-21 01:40:03
66,sp119963,1595295466,DOE FUNDING FOR HYDROGEN RESEARCH. $NKLA $MMM $CAT $PLUG,https://seekingalpha.com/news/3592898-doe-unveils-funding-plans-for-hydrogen-research-projects,1595295466.0,"{'author': 'sp119963', 'created_utc': 1595295466, 'title': 'DOE FUNDING FOR HYDROGEN RESEARCH. $NKLA $MMM $CAT $PLUG', 'url': 'https://seekingalpha.com/news/3592898-doe-unveils-funding-plans-for-hydrogen-research-projects', 'created': 1595295466.0}",2020-07-21 01:37:46
67,WSB_YOLOs,1595295245,SPY with the $4.20 intraday move today...nice,https://i.redd.it/zin327ta64c51.jpg,1595295245.0,"{'author': 'WSB_YOLOs', 'created_utc': 1595295245, 'title': 'SPY with the $4.20 intraday move today...nice', 'url': 'https://i.redd.it/zin327ta64c51.jpg', 'created': 1595295245.0}",2020-07-21 01:34:05
68,[deleted],1595295073,DOE FUNDING GIVEN TO $NKLA $PLUG $CAT $MMM for HYDROGEN research,https://newsfilter.io/articles/doe-unveils-funding-plans-for-hydrogen-research-projects-ab1dc75a4fd4ab607c72e3920e579249,1595295073.0,"{'author': '[deleted]', 'created_utc': 1595295073, 'title': 'DOE FUNDING GIVEN TO $NKLA $PLUG $CAT $MMM for HYDROGEN research', 'url': 'https://newsfilter.io/articles/doe-unveils-funding-plans-for-hydrogen-research-projects-ab1dc75a4fd4ab607c72e3920e579249', 'created': 1595295073.0}",2020-07-21 01:31:13
69,OPx6,1595294841,nothing makes sense when you're slapped this hard,https://v.redd.it/jj4f4c3q44c51,1595294841.0,"{'author': 'OPx6', 'created_utc': 1595294841, 'title': ""nothing makes sense when you're slapped this hard"", 'url': 'https://v.redd.it/jj4f4c3q44c51', 'created': 1595294841.0}",2020-07-21 01:27:21
70,eyeslikesnow,1595294641,Following up with $220 in profits... see link for more infos.,https://www.reddit.com/r/wallstreetbets/comments/huy6os/following_up_with_220_in_profits_see_link_for/,1595294641.0,"{'author': 'eyeslikesnow', 'created_utc': 1595294641, 'title': 'Following up with $220 in profits... see link for more infos.', 'url': 'https://www.reddit.com/r/wallstreetbets/comments/huy6os/following_up_with_220_in_profits_see_link_for/', 'created': 1595294641.0}",2020-07-21 01:24:01
71,GoodN1ght94,1595294630,NASDAQ Futures have broken 11 000,https://www.reddit.com/r/wallstreetbets/comments/huy6ky/nasdaq_futures_have_broken_11_000/,1595294630.0,"{'author': 'GoodN1ght94', 'created_utc': 1595294630, 'title': 'NASDAQ Futures have broken 11 000', 'url': 'https://www.reddit.com/r/wallstreetbets/comments/huy6ky/nasdaq_futures_have_broken_11_000/', 'created': 1595294630.0}",2020-07-21 01:23:50
72,[deleted],1595294521,Me Circa 2020 after buying Amazon Puts,https://i.redd.it/eywigq8544c51.jpg,1595294521.0,"{'author': '[deleted]', 'created_utc': 1595294521, 'title': 'Me Circa 2020 after buying Amazon Puts', 'url': 'https://i.redd.it/eywigq8544c51.jpg', 'created': 1595294521.0}",2020-07-21 01:22:01
73,jmricht,1595294440,Calls Hertz and Exxon,https://www.reddit.com/r/wallstreetbets/comments/huy4rn/calls_hertz_and_exxon/,1595294440.0,"{'author': 'jmricht', 'created_utc': 1595294440, 'title': 'Calls Hertz and Exxon', 'url': 'https://www.reddit.com/r/wallstreetbets/comments/huy4rn/calls_hertz_and_exxon/', 'created': 1595294440.0}",2020-07-21 01:20:40
74,[deleted],1595294399,Puts on my dating life,https://i.imgur.com/6TLB9Nr.png,1595294399.0,"{'author': '[deleted]', 'created_utc': 1595294399, 'title': 'Puts on my dating life', 'url': 'https://i.imgur.com/6TLB9Nr.png', 'created': 1595294399.0}",2020-07-21 01:19:59
75,XHyorinmaru,1595294348,Real photo after buying Amazon Puts,https://www.reddit.com/r/wallstreetbets/comments/huy3ue/real_photo_after_buying_amazon_puts/,1595294348.0,"{'author': 'XHyorinmaru', 'created_utc': 1595294348, 'title': 'Real photo after buying Amazon Puts', 'url': 'https://www.reddit.com/r/wallstreetbets/comments/huy3ue/real_photo_after_buying_amazon_puts/', 'created': 1595294348.0}",2020-07-21 01:19:08
76,lmcguire13,1595294292,"When Tesla hits numbers Wednesday, how long is it speculated until they're included in the S&amp;P 500?",https://www.reddit.com/r/wallstreetbets/comments/huy3b8/when_tesla_hits_numbers_wednesday_how_long_is_it/,1595294292.0,"{'author': 'lmcguire13', 'created_utc': 1595294292, 'title': ""When Tesla hits numbers Wednesday, how long is it speculated until they're included in the S&amp;P 500?"", 'url': 'https://www.reddit.com/r/wallstreetbets/comments/huy3b8/when_tesla_hits_numbers_wednesday_how_long_is_it/', 'created': 1595294292.0}",2020-07-21 01:18:12
77,President-Fish,1595294055,Can I sue RobinHood for locking my account full of options?,https://www.reddit.com/r/wallstreetbets/comments/huy16a/can_i_sue_robinhood_for_locking_my_account_full/,1595294055.0,"{'author': 'President-Fish', 'created_utc': 1595294055, 'title': 'Can I sue RobinHood for locking my account full of options?', 'url': 'https://www.reddit.com/r/wallstreetbets/comments/huy16a/can_i_sue_robinhood_for_locking_my_account_full/', 'created': 1595294055.0}",2020-07-21 01:14:15
78,Blu9763,1595293751,Down 50% in 1 day... Know what you’re buying...,https://i.redd.it/ee9kfwuu14c51.jpg,1595293751.0,"{'author': 'Blu9763', 'created_utc': 1595293751, 'title': 'Down 50% in 1 day... Know what you’re buying...', 'url': 'https://i.redd.it/ee9kfwuu14c51.jpg', 'created': 1595293751.0}",2020-07-21 01:09:11
79,Twinnblade,1595293709,JPM earnings weren't quite as good as I thought they'd be,https://i.redd.it/xb85f4hc14c51.png,1595293709.0,"{'author': 'Twinnblade', 'created_utc': 1595293709, 'title': ""JPM earnings weren't quite as good as I thought they'd be"", 'url': 'https://i.redd.it/xb85f4hc14c51.png', 'created': 1595293709.0}",2020-07-21 01:08:29
80,KingOnAWalk,1595293584,Will APPS hold after breaking $13 resistance?,https://www.reddit.com/r/wallstreetbets/comments/huxwr6/will_apps_hold_after_breaking_13_resistance/,1595293584.0,"{'author': 'KingOnAWalk', 'created_utc': 1595293584, 'title': 'Will APPS hold after breaking $13 resistance?', 'url': 'https://www.reddit.com/r/wallstreetbets/comments/huxwr6/will_apps_hold_after_breaking_13_resistance/', 'created': 1595293584.0}",2020-07-21 01:06:24
81,[deleted],1595293449,"Robinhood’s Trailing Stop Orders: Extreme Profitability, By Design",http://alphacution.com/robinhoods-trailing-stop-orders-extreme-profitability-by-design/,1595293449.0,"{'author': '[deleted]', 'created_utc': 1595293449, 'title': 'Robinhood’s Trailing Stop Orders: Extreme Profitability, By Design', 'url': 'http://alphacution.com/robinhoods-trailing-stop-orders-extreme-profitability-by-design/', 'created': 1595293449.0}",2020-07-21 01:04:09
82,miladjuckel,1595293449,Finally some green color,https://i.redd.it/vznsw9iy04c51.jpg,1595293449.0,"{'author': 'miladjuckel', 'created_utc': 1595293449, 'title': 'Finally some green color', 'url': 'https://i.redd.it/vznsw9iy04c51.jpg', 'created': 1595293449.0}",2020-07-21 01:04:09
83,TendiesUpTrend,1595293083,Lets fish🐟,https://www.reddit.com/r/wallstreetbets/comments/huxs39/lets_fish/,1595293083.0,"{'author': 'TendiesUpTrend', 'created_utc': 1595293083, 'title': 'Lets fish🐟', 'url': 'https://www.reddit.com/r/wallstreetbets/comments/huxs39/lets_fish/', 'created': 1595293083.0}",2020-07-21 00:58:03
84,Swoozie97,1595293015,WSB appreciation post,https://www.reddit.com/r/wallstreetbets/comments/huxrhb/wsb_appreciation_post/,1595293015.0,"{'author': 'Swoozie97', 'created_utc': 1595293015, 'title': 'WSB appreciation post', 'url': 'https://www.reddit.com/r/wallstreetbets/comments/huxrhb/wsb_appreciation_post/', 'created': 1595293015.0}",2020-07-21 00:56:55
85,[deleted],1595292859,"Butt raped by AZNs, AGAIN.",https://www.reddit.com/r/wallstreetbets/comments/huxq1p/butt_raped_by_azns_again/,1595292859.0,"{'author': '[deleted]', 'created_utc': 1595292859, 'title': 'Butt raped by AZNs, AGAIN.', 'url': 'https://www.reddit.com/r/wallstreetbets/comments/huxq1p/butt_raped_by_azns_again/', 'created': 1595292859.0}",2020-07-21 00:54:19
86,shnarkism,1595292847,New Age Beverages announces merger,https://www.reddit.com/r/wallstreetbets/comments/huxpx7/new_age_beverages_announces_merger/,1595292847.0,"{'author': 'shnarkism', 'created_utc': 1595292847, 'title': 'New Age Beverages announces merger', 'url': 'https://www.reddit.com/r/wallstreetbets/comments/huxpx7/new_age_beverages_announces_merger/', 'created': 1595292847.0}",2020-07-21 00:54:07
87,[deleted],1595292665,[NEED HELP],https://www.reddit.com/r/wallstreetbets/comments/huxo5p/need_help/,1595292665.0,"{'author': '[deleted]', 'created_utc': 1595292665, 'title': '[NEED HELP]', 'url': 'https://www.reddit.com/r/wallstreetbets/comments/huxo5p/need_help/', 'created': 1595292665.0}",2020-07-21 00:51:05
88,Firekeeper00,1595292588,Epitome of this community,https://i.redd.it/t8rirvcey3c51.jpg,1595292588.0,"{'author': 'Firekeeper00', 'created_utc': 1595292588, 'title': 'Epitome of this community', 'url': 'https://i.redd.it/t8rirvcey3c51.jpg', 'created': 1595292588.0}",2020-07-21 00:49:48
89,Frankthetank8,1595292456,They know what's up,https://i.redd.it/ts3o94cyx3c51.jpg,1595292456.0,"{'author': 'Frankthetank8', 'created_utc': 1595292456, 'title': ""They know what's up"", 'url': 'https://i.redd.it/ts3o94cyx3c51.jpg', 'created': 1595292456.0}",2020-07-21 00:47:36
90,TheShugDaddy,1595292444,Get on while you still can chumps,https://i.redd.it/su8izavyx3c51.jpg,1595292444.0,"{'author': 'TheShugDaddy', 'created_utc': 1595292444, 'title': 'Get on while you still can chumps', 'url': 'https://i.redd.it/su8izavyx3c51.jpg', 'created': 1595292444.0}",2020-07-21 00:47:24
91,jeanreneau,1595292282,"Buffett, quoting partner Munger, says there are three ways to go broke: 'liquor, ladies and leverage'",https://www.cnbc.com/2018/02/26/buffett-says-out-of-the-three-ways-to-go-broke-liquor-ladies-and-leverage-leverage-is-the-worst.html?__source=facebook%7Cmain,1595292282.0,"{'author': 'jeanreneau', 'created_utc': 1595292282, 'title': ""Buffett, quoting partner Munger, says there are three ways to go broke: 'liquor, ladies and leverage'"", 'url': 'https://www.cnbc.com/2018/02/26/buffett-says-out-of-the-three-ways-to-go-broke-liquor-ladies-and-leverage-leverage-is-the-worst.html?__source=facebook%7Cmain', 'created': 1595292282.0}",2020-07-21 00:44:42
92,[deleted],1595292224,"shout-out to u/EddieNH doing the lords work, buying the dip over in r/bowhunting",https://i.redd.it/qv9c87bbx3c51.jpg,1595292224.0,"{'author': '[deleted]', 'created_utc': 1595292224, 'title': 'shout-out to u/EddieNH doing the lords work, buying the dip over in r/bowhunting', 'url': 'https://i.redd.it/qv9c87bbx3c51.jpg', 'created': 1595292224.0}",2020-07-21 00:43:44
93,TripleBrain,1595292074,Earnings Play - What Not To Do,https://www.reddit.com/r/wallstreetbets/comments/huxiv4/earnings_play_what_not_to_do/,1595292074.0,"{'author': 'TripleBrain', 'created_utc': 1595292074, 'title': 'Earnings Play - What Not To Do', 'url': 'https://www.reddit.com/r/wallstreetbets/comments/huxiv4/earnings_play_what_not_to_do/', 'created': 1595292074.0}",2020-07-21 00:41:14
94,leecharles_,1595291660,I didn’t know JPow made comics in his free time,https://i.redd.it/jx5j1vxmv3c51.jpg,1595291660.0,"{'author': 'leecharles_', 'created_utc': 1595291660, 'title': 'I didn’t know JPow made comics in his free time', 'url': 'https://i.redd.it/jx5j1vxmv3c51.jpg', 'created': 1595291660.0}",2020-07-21 00:34:20
95,toto7878,1595291416,Hello i’m new to robinrobinhood,https://www.reddit.com/r/wallstreetbets/comments/huxcto/hello_im_new_to_robinrobinhood/,1595291416.0,"{'author': 'toto7878', 'created_utc': 1595291416, 'title': 'Hello i’m new to robinrobinhood', 'url': 'https://www.reddit.com/r/wallstreetbets/comments/huxcto/hello_im_new_to_robinrobinhood/', 'created': 1595291416.0}",2020-07-21 00:30:16
96,drfrasiercraneshow,1595291015,Options Strategy Question from a new dummy,https://www.reddit.com/r/wallstreetbets/comments/hux986/options_strategy_question_from_a_new_dummy/,1595291015.0,"{'author': 'drfrasiercraneshow', 'created_utc': 1595291015, 'title': 'Options Strategy Question from a new dummy', 'url': 'https://www.reddit.com/r/wallstreetbets/comments/hux986/options_strategy_question_from_a_new_dummy/', 'created': 1595291015.0}",2020-07-21 00:23:35
97,ranalytica,1595290996,China's Gem. Why NIO will conquer the Chinese market,https://investorplace.com/2020/07/to-appreciate-nio-stock-you-must-think-like-a-gearhead/,1595290996.0,"{'author': 'ranalytica', 'created_utc': 1595290996, 'title': ""China's Gem. Why NIO will conquer the Chinese market"", 'url': 'https://investorplace.com/2020/07/to-appreciate-nio-stock-you-must-think-like-a-gearhead/', 'created': 1595290996.0}",2020-07-21 00:23:16
98,aryalmuskan17,1595290530,BJs Will Blow Away Earnings Estimates.,https://www.reddit.com/r/wallstreetbets/comments/hux4oo/bjs_will_blow_away_earnings_estimates/,1595290530.0,"{'author': 'aryalmuskan17', 'created_utc': 1595290530, 'title': 'BJs Will Blow Away Earnings Estimates.', 'url': 'https://www.reddit.com/r/wallstreetbets/comments/hux4oo/bjs_will_blow_away_earnings_estimates/', 'created': 1595290530.0}",2020-07-21 00:15:30
99,intergalacticatz,1595290475,When you buy the call I sold you with underlying @ +70 RSI,https://i.redd.it/z4975x54s3c51.jpg,1595290475.0,"{'author': 'intergalacticatz', 'created_utc': 1595290475, 'title': 'When you buy the call I sold you with underlying @ +70 RSI', 'url': 'https://i.redd.it/z4975x54s3c51.jpg', 'created': 1595290475.0}",2020-07-21 00:14:35
